         time X Accelera... X Accelera... 
------------- ------------- ------------- 
 1.000000e-02 -4.704746e-56 -6.876846e-78 
 2.000000e-02 -1.404522e-55 -5.525920e-67 
 3.000000e-02 -4.165407e-55 -1.578637e-61 
 4.000000e-02 -1.229808e-54 -1.933708e-58 
 5.000000e-02 -3.614648e-54 -8.778473e-57 
 6.000000e-02 -1.057654e-53 -4.885620e-56 
 7.000000e-02 -3.080849e-53 -1.284034e-55 
 8.000000e-02 -8.933990e-53 -3.693589e-55 
 9.000000e-02 -2.579105e-52 -1.092179e-54 
 1.000000e-01 -7.412100e-52 -3.217391e-54 
 1.100000e-01 -2.120615e-51 -9.435571e-54 
 1.200000e-01 -6.039900e-51 -2.754769e-53 
 1.300000e-01 -1.712556e-50 -8.006720e-53 
 1.400000e-01 -4.834005e-50 -2.316735e-52 
 1.500000e-01 -1.358366e-49 -6.673450e-52 
 1.600000e-01 -3.799910e-49 -1.913711e-51 
 1.700000e-01 -1.058222e-48 -5.463286e-51 
 1.800000e-01 -2.933772e-48 -1.552684e-50 
 1.900000e-01 -8.096971e-48 -4.393025e-50 
 2.000000e-01 -2.224666e-47 -1.237358e-49 
 2.100000e-01 -6.084894e-47 -3.469588e-49 
 2.200000e-01 -1.656864e-46 -9.685260e-49 
 2.300000e-01 -4.491237e-46 -2.691505e-48 
 2.400000e-01 -1.211966e-45 -7.446108e-48 
 2.500000e-01 -3.255814e-45 -2.050754e-47 
 2.600000e-01 -8.707103e-45 -5.622736e-47 
 2.700000e-01 -2.318100e-44 -1.534728e-46 
 2.800000e-01 -6.143769e-44 -4.170275e-46 
 2.900000e-01 -1.620994e-43 -1.128099e-45 
 3.000000e-01 -4.257669e-43 -3.037935e-45 
 3.100000e-01 -1.113284e-42 -8.144390e-45 
 3.200000e-01 -2.897896e-42 -2.173638e-44 
 3.300000e-01 -7.509358e-42 -5.775160e-44 
 3.400000e-01 -1.937160e-41 -1.527527e-43 
 3.500000e-01 -4.974742e-41 -4.022179e-43 
 3.600000e-01 -1.271797e-40 -1.054342e-42 
 3.700000e-01 -3.236732e-40 -2.751369e-42 
 3.800000e-01 -8.200443e-40 -7.147648e-42 
 3.900000e-01 -2.068279e-39 -1.848520e-41 
 4.000000e-01 -5.193044e-39 -4.759175e-41 
 4.100000e-01 -1.298002e-38 -1.219791e-40 
 4.200000e-01 -3.229753e-38 -3.112325e-40 
 4.300000e-01 -8.000246e-38 -7.905515e-40 
 4.400000e-01 -1.972773e-37 -1.999037e-39 
 4.500000e-01 -4.842730e-37 -5.032182e-39 
 4.600000e-01 -1.183430e-36 -1.261063e-38 
 4.700000e-01 -2.878947e-36 -3.146021e-38 
 4.800000e-01 -6.972096e-36 -7.813231e-38 
 4.900000e-01 -1.680858e-35 -1.931717e-37 
 5.000000e-01 -4.034008e-35 -4.754448e-37 
 5.100000e-01 -9.637841e-35 -1.164930e-36 
 5.200000e-01 -2.292239e-34 -2.841466e-36 
 5.300000e-01 -5.427213e-34 -6.899660e-36 
 5.400000e-01 -1.279176e-33 -1.667843e-35 
 5.500000e-01 -3.001370e-33 -4.013513e-35 
 5.600000e-01 -7.010428e-33 -9.614701e-35 
 5.700000e-01 -1.630065e-32 -2.292916e-34 
 5.800000e-01 -3.773115e-32 -5.443539e-34 
 5.900000e-01 -8.694203e-32 -1.286516e-33 
 6.000000e-01 -1.994314e-31 -3.026837e-33 
 6.100000e-01 -4.553980e-31 -7.089292e-33 
 6.200000e-01 -1.035195e-30 -1.652936e-32 
 6.300000e-01 -2.342533e-30 -3.836616e-32 
 6.400000e-01 -5.276936e-30 -8.865013e-32 
 6.500000e-01 -1.183341e-29 -2.039147e-31 
 6.600000e-01 -2.641617e-29 -4.669343e-31 
 6.700000e-01 -5.870306e-29 -1.064389e-30 
 6.800000e-01 -1.298621e-28 -2.415362e-30 
 6.900000e-01 -2.859790e-28 -5.456330e-30 
 7.000000e-01 -6.269253e-28 -1.227030e-29 
 7.100000e-01 -1.368128e-27 -2.746918e-29 
 7.200000e-01 -2.972120e-27 -6.121691e-29 
 7.300000e-01 -6.427386e-27 -1.358101e-28 
 7.400000e-01 -1.383663e-26 -2.999351e-28 
 7.500000e-01 -2.965195e-26 -6.594113e-28 
 7.600000e-01 -6.325620e-26 -1.443175e-27 
 7.700000e-01 -1.343319e-25 -3.144233e-27 
 7.800000e-01 -2.839756e-25 -6.819349e-27 
 7.900000e-01 -5.975963e-25 -1.472323e-26 
 8.000000e-01 -1.251871e-24 -3.164427e-26 
 8.100000e-01 -2.610568e-24 -6.770456e-26 
 8.200000e-01 -5.419186e-24 -1.442020e-25 
 8.300000e-01 -1.119840e-23 -3.057416e-25 
 8.400000e-01 -2.303562e-23 -6.453084e-25 
 8.500000e-01 -4.716999e-23 -1.355842e-24 
 8.600000e-01 -9.615071e-23 -2.835821e-24 
 8.700000e-01 -1.951011e-22 -5.904410e-24 
 8.800000e-01 -3.940819e-22 -1.223774e-23 
 8.900000e-01 -7.923781e-22 -2.524949e-23 
 9.000000e-01 -1.585977e-21 -5.185968e-23 
 9.100000e-01 -3.159940e-21 -1.060309e-22 
 9.200000e-01 -6.267262e-21 -2.158040e-22 
 9.300000e-01 -1.237352e-20 -4.372309e-22 
 9.400000e-01 -2.431779e-20 -8.818311e-22 
 9.500000e-01 -4.757402e-20 -1.770446e-21 
 9.600000e-01 -9.264664e-20 -3.538360e-21 
 9.700000e-01 -1.795985e-19 -7.039514e-21 
 9.800000e-01 -3.465679e-19 -1.394132e-20 
 9.900000e-01 -6.657109e-19 -2.748432e-20 
 1.000000e+00 -1.272899e-18 -5.393681e-20 
 1.010000e+00 -2.422769e-18 -1.053668e-19 
 1.020000e+00 -4.590283e-18 -2.048991e-19 
 1.030000e+00 -8.657154e-18 -3.966368e-19 
 1.040000e+00 -1.625243e-17 -7.642966e-19 
 1.050000e+00 -3.037161e-17 -1.466041e-18 
 1.060000e+00 -5.649670e-17 -2.799268e-18 
 1.070000e+00 -1.046123e-16 -5.320549e-18 
 1.080000e+00 -1.928175e-16 -1.006656e-17 
 1.090000e+00 -3.537631e-16 -1.895908e-17 
 1.100000e+00 -6.460710e-16 -3.554382e-17 
 1.110000e+00 -1.174488e-15 -6.633166e-17 
 1.120000e+00 -2.125282e-15 -1.232215e-16 
 1.130000e+00 -3.828097e-15 -2.278558e-16 
 1.140000e+00 -6.863516e-15 -4.194116e-16 
 1.150000e+00 -1.224917e-14 -7.684695e-16 
 1.160000e+00 -2.176013e-14 -1.401579e-15 
 1.170000e+00 -3.847781e-14 -2.544558e-15 
 1.180000e+00 -6.772545e-14 -4.598431e-15 
 1.190000e+00 -1.186547e-13 -8.271961e-15 
 1.200000e+00 -2.069225e-13 -1.481179e-14 
 1.210000e+00 -3.591862e-13 -2.640012e-14 
 1.220000e+00 -6.206103e-13 -4.683840e-14 
 1.230000e+00 -1.067344e-12 -8.271702e-14 
 1.240000e+00 -1.827151e-12 -1.454063e-13 
 1.250000e+00 -3.113350e-12 -2.544283e-13 
 1.260000e+00 -5.280356e-12 -4.431395e-13 
 1.270000e+00 -8.914124e-12 -7.682576e-13 
 1.280000e+00 -1.497866e-11 -1.325755e-12 
 1.290000e+00 -2.505211e-11 -2.277236e-12 
 1.300000e+00 -4.170530e-11 -3.893499e-12 
 1.310000e+00 -6.910541e-11 -6.626091e-12 
 1.320000e+00 -1.139738e-10 -1.122429e-11 
 1.330000e+00 -1.870976e-10 -1.892528e-11 
 1.340000e+00 -3.057032e-10 -3.176190e-11 
 1.350000e+00 -4.971627e-10 -5.305786e-11 
 1.360000e+00 -8.047517e-10 -8.822063e-11 
 1.370000e+00 -1.296546e-09 -1.460044e-10 
 1.380000e+00 -2.079098e-09 -2.405112e-10 
 1.390000e+00 -3.318339e-09 -3.943449e-10 
 1.400000e+00 -5.271365e-09 -6.435568e-10 
 1.410000e+00 -8.334505e-09 -1.045358e-09 
 1.420000e+00 -1.311562e-08 -1.690087e-09 
 1.430000e+00 -2.054222e-08 -2.719671e-09 
 1.440000e+00 -3.202238e-08 -4.355971e-09 
 1.450000e+00 -4.968265e-08 -6.944045e-09 
 1.460000e+00 -7.671818e-08 -1.101784e-08 
 1.470000e+00 -1.179049e-07 -1.739943e-08 
 1.480000e+00 -1.803442e-07 -2.734796e-08 
 1.490000e+00 -2.745409e-07 -4.278229e-08 
 1.500000e+00 -4.159523e-07 -6.661154e-08 
 1.510000e+00 -6.272033e-07 -1.032235e-07 
 1.520000e+00 -9.412363e-07 -1.592021e-07 
 1.530000e+00 -1.405760e-06 -2.443749e-07 
 1.540000e+00 -2.089502e-06 -3.733355e-07 
 1.550000e+00 -3.090937e-06 -5.676410e-07 
 1.560000e+00 -4.550400e-06 -8.589672e-07 
 1.570000e+00 -6.666802e-06 -1.293613e-06 
 1.580000e+00 -9.720538e-06 -1.938893e-06 
 1.590000e+00 -1.410470e-05 -2.892152e-06 
 1.600000e+00 -2.036735e-05 -4.293412e-06 
 1.610000e+00 -2.926833e-05 -6.342992e-06 
 1.620000e+00 -4.185522e-05 -9.325925e-06 
 1.630000e+00 -5.956420e-05 -1.364557e-05 
 1.640000e+00 -8.435294e-05 -1.986959e-05 
 1.650000e+00 -1.188747e-04 -2.879247e-05 
 1.660000e+00 -1.667049e-04 -4.152000e-05 
 1.670000e+00 -2.326329e-04 -5.958252e-05 
 1.680000e+00 -3.230374e-04 -8.508609e-05 
 1.690000e+00 -4.463621e-04 -1.209124e-04 
 1.700000e+00 -6.137180e-04 -1.709820e-04 
 1.710000e+00 -8.396365e-04 -2.405974e-04 
 1.720000e+00 -1.143005e-03 -3.368888e-04 
 1.730000e+00 -1.548219e-03 -4.693868e-04 
 1.740000e+00 -2.086592e-03 -6.507544e-04 
 1.750000e+00 -2.798050e-03 -8.977145e-04 
 1.760000e+00 -3.733178e-03 -1.232216e-03 
 1.770000e+00 -4.955633e-03 -1.682888e-03 
 1.780000e+00 -6.544976e-03 -2.286837e-03 
 1.790000e+00 -8.599960e-03 -3.091848e-03 
 1.800000e+00 -1.124229e-02 -4.159061e-03 
 1.810000e+00 -1.462086e-02 -5.566176e-03 
 1.820000e+00 -1.891649e-02 -7.411278e-03 
 1.830000e+00 -2.434704e-02 -9.817328e-03 
 1.840000e+00 -3.117295e-02 -1.293738e-02 
 1.850000e+00 -3.970299e-02 -1.696056e-02 
 1.860000e+00 -5.030009e-02 -2.211886e-02 
 1.870000e+00 -6.338699e-02 -2.869461e-02 
 1.880000e+00 -7.945153e-02 -3.702874e-02 
 1.890000e+00 -9.905099e-02 -4.752952e-02 
 1.900000e+00 -1.228153e-01 -6.068173e-02 
 1.910000e+00 -1.514484e-01 -7.705578e-02 
 1.920000e+00 -1.857270e-01 -9.731662e-02 
 1.930000e+00 -2.264970e-01 -1.222316e-01 
 1.940000e+00 -2.746649e-01 -1.526771e-01 
 1.950000e+00 -3.311862e-01 -1.896424e-01 
 1.960000e+00 -3.970472e-01 -2.342305e-01 
 1.970000e+00 -4.732417e-01 -2.876548e-01 
 1.980000e+00 -5.607409e-01 -3.512298e-01 
 1.990000e+00 -6.604564e-01 -4.263552e-01 
 2.000000e+00 -7.731956e-01 -5.144917e-01 
 2.010000e+00 -8.996107e-01 -6.171272e-01 
 2.020000e+00 -1.040140e+00 -7.357326e-01 
 2.030000e+00 -1.194943e+00 -8.717052e-01 
 2.040000e+00 -1.363832e+00 -1.026300e+00 
 2.050000e+00 -1.546201e+00 -1.200549e+00 
 2.060000e+00 -1.740950e+00 -1.395164e+00 
 2.070000e+00 -1.946413e+00 -1.610432e+00 
 2.080000e+00 -2.160298e+00 -1.846101e+00 
 2.090000e+00 -2.379624e+00 -2.101251e+00 
 2.100000e+00 -2.600677e+00 -2.374172e+00 
 2.110000e+00 -2.818988e+00 -2.662232e+00 
 2.120000e+00 -3.029323e+00 -2.961760e+00 
 2.130000e+00 -3.225707e+00 -3.267941e+00 
 2.140000e+00 -3.401468e+00 -3.574727e+00 
 2.150000e+00 -3.549326e+00 -3.874783e+00 
 2.160000e+00 -3.661504e+00 -4.159471e+00 
 2.170000e+00 -3.729883e+00 -4.418880e+00 
 2.180000e+00 -3.746189e+00 -4.641909e+00 
 2.190000e+00 -3.702210e+00 -4.816414e+00 
 2.200000e+00 -3.590050e+00 -4.929429e+00 
 2.210000e+00 -3.402403e+00 -4.967443e+00 
 2.220000e+00 -3.132840e+00 -4.916769e+00 
 2.230000e+00 -2.776111e+00 -4.763960e+00 
 2.240000e+00 -2.328443e+00 -4.496308e+00 
 2.250000e+00 -1.787825e+00 -4.102377e+00 
 2.260000e+00 -1.154263e+00 -3.572586e+00 
 2.270000e+00 -4.300080e-01 -2.899801e+00 
 2.280000e+00  3.802730e-01 -2.079924e+00 
 2.290000e+00  1.269384e+00 -1.112456e+00 
 2.300000e+00  2.227554e+00 -9.947279e-04 
 2.310000e+00  3.242472e+00  1.246353e+00 
 2.320000e+00  4.299396e+00  2.616674e+00 
 2.330000e+00  5.381361e+00  4.092093e+00 
 2.340000e+00  6.469451e+00  5.649795e+00 
 2.350000e+00  7.543167e+00  7.262216e+00 
 2.360000e+00  8.580860e+00  8.897447e+00 
 2.370000e+00  9.560223e+00  1.051983e+01 
 2.380000e+00  1.045884e+01  1.209076e+01 
 2.390000e+00  1.125475e+01  1.356965e+01 
 2.400000e+00  1.192705e+01  1.491509e+01 
 2.410000e+00  1.245649e+01  1.608609e+01 
 2.420000e+00  1.282601e+01  1.704344e+01 
 2.430000e+00  1.302129e+01  1.775107e+01 
 2.440000e+00  1.303121e+01  1.817744e+01 
 2.450000e+00  1.284824e+01  1.829680e+01 
 2.460000e+00  1.246874e+01  1.809034e+01 
 2.470000e+00  1.189317e+01  1.754716e+01 
 2.480000e+00  1.112616e+01  1.666499e+01 
 2.490000e+00  1.017656e+01  1.545063e+01 
 2.500000e+00  9.057223e+00  1.392007e+01 
 2.510000e+00  7.784835e+00  1.209835e+01 
 2.520000e+00  6.379544e+00  1.001898e+01 
 2.530000e+00  4.864531e+00  7.723139e+00 
 2.540000e+00  3.265489e+00  5.258536e+00 
 2.550000e+00  1.610035e+00  2.678035e+00 
 2.560000e+00 -7.292632e-02  3.806365e-02 
 2.570000e+00 -1.753878e+00 -2.603107e+00 
 2.580000e+00 -3.403377e+00 -5.187160e+00 
 2.590000e+00 -4.992744e+00 -7.657534e+00 
 2.600000e+00 -6.494720e+00 -9.961151e+00 
 2.610000e+00 -7.884095e+00 -1.205001e+01 
 2.620000e+00 -9.138265e+00 -1.388258e+01 
 2.630000e+00 -1.023774e+01 -1.542495e+01 
 2.640000e+00 -1.116652e+01 -1.665167e+01 
 2.650000e+00 -1.191245e+01 -1.754632e+01 
 2.660000e+00 -1.246740e+01 -1.810166e+01 
 2.670000e+00 -1.282736e+01 -1.831957e+01 
 2.680000e+00 -1.299245e+01 -1.821058e+01 
 2.690000e+00 -1.296679e+01 -1.779321e+01 
 2.700000e+00 -1.275830e+01 -1.709295e+01 
 2.710000e+00 -1.237835e+01 -1.614119e+01 
 2.720000e+00 -1.184141e+01 -1.497387e+01 
 2.730000e+00 -1.116455e+01 -1.363019e+01 
 2.740000e+00 -1.036694e+01 -1.215119e+01 
 2.750000e+00 -9.469304e+00 -1.057839e+01 
 2.760000e+00 -8.493323e+00 -8.952548e+00 
 2.770000e+00 -7.461081e+00 -7.312476e+00 
 2.780000e+00 -6.394501e+00 -5.694086e+00 
 2.790000e+00 -5.314827e+00 -4.129558e+00 
 2.800000e+00 -4.242143e+00 -2.646737e+00 
 2.810000e+00 -3.194960e+00 -1.268721e+00 
 2.820000e+00 -2.189870e+00 -1.365036e-02 
 2.830000e+00 -1.241277e+00  1.105315e+00 
 2.840000e+00 -3.612052e-01  2.079851e+00 
 2.850000e+00  4.408047e-01  2.906179e+00 
 2.860000e+00  1.157729e+00  3.584656e+00 
 2.870000e+00  1.785014e+00  4.119277e+00 
 2.880000e+00  2.320468e+00  4.517115e+00 
 2.890000e+00  2.764090e+00  4.787727e+00 
 2.900000e+00  3.117854e+00  4.942561e+00 
 2.910000e+00  3.385460e+00  4.994368e+00 
 2.920000e+00  3.572056e+00  4.956660e+00 
 2.930000e+00  3.683947e+00  4.843214e+00 
 2.940000e+00  3.728311e+00  4.667642e+00 
 2.950000e+00  3.712907e+00  4.443022e+00 
 2.960000e+00  3.645812e+00  4.181609e+00 
 2.970000e+00  3.535176e+00  3.894619e+00 
 2.980000e+00  3.389007e+00  3.592070e+00 
 2.990000e+00  3.214982e+00  3.282699e+00 
 3.000000e+00  3.020304e+00  2.973928e+00 
 3.010000e+00  2.811578e+00  2.671879e+00 
 3.020000e+00  2.594734e+00  2.381432e+00 
 3.030000e+00  2.374977e+00  2.106304e+00 
 3.040000e+00  2.156759e+00  1.849161e+00 
 3.050000e+00  1.943788e+00  1.611737e+00 
 3.060000e+00  1.739052e+00  1.394962e+00 
 3.070000e+00  1.544857e+00  1.199090e+00 
 3.080000e+00  1.362886e+00  1.023828e+00 
 3.090000e+00  1.194261e+00  8.684475e-01 
 3.100000e+00  1.039611e+00  7.319009e-01 
 3.110000e+00  8.991475e-01  6.129107e-01 
 3.120000e+00  7.727327e-01  5.100559e-01 
 3.130000e+00  6.599482e-01  4.218410e-01 
 3.140000e+00  5.601597e-01  3.467538e-01 
 3.150000e+00  4.725743e-01  2.833103e-01 
 3.160000e+00  3.962921e-01  2.300891e-01 
 3.170000e+00  3.303507e-01  1.857563e-01 
 3.180000e+00  2.737625e-01  1.490813e-01 
 3.190000e+00  2.255450e-01  1.189460e-01 
 3.200000e+00  1.847447e-01  9.434906e-02 
 3.210000e+00  1.504550e-01  7.440406e-02 
 3.220000e+00  1.218293e-01  5.833589e-02 
 3.230000e+00  9.808889e-02  4.547382e-02 
 3.240000e+00  7.852734e-02  3.524341e-02 
 3.250000e+00  6.251203e-02  2.715735e-02 
 3.260000e+00  4.948285e-02  2.080607e-02 
 3.270000e+00  3.894925e-02  1.584835e-02 
 3.280000e+00  3.048598e-02  1.200232e-02 
 3.290000e+00  2.372790e-02  9.037065e-03 
 3.300000e+00  1.836440e-02  6.764916e-03 
 3.310000e+00  1.413352e-02  5.034537e-03 
 3.320000e+00  1.081625e-02  3.724824e-03 
 3.330000e+00  8.230961e-03  2.739591e-03 
 3.340000e+00  6.228235e-03  2.003002e-03 
 3.350000e+00  4.686095e-03  1.455700e-03 
 3.360000e+00  3.505727e-03  1.051559e-03 
 3.370000e+00  2.607673e-03  7.549877e-04 
 3.380000e+00  1.928506e-03  5.387165e-04 
 3.390000e+00  1.417963e-03  3.819981e-04 
 3.400000e+00  1.036490e-03  2.691566e-04 
 3.410000e+00  7.531814e-04  1.884300e-04 
 3.420000e+00  5.440557e-04  1.310539e-04 
 3.430000e+00  3.906329e-04  9.054265e-05 
 3.440000e+00  2.787694e-04  6.213032e-05 
 3.450000e+00  1.977142e-04  4.233880e-05 
 3.460000e+00  1.393507e-04  2.864768e-05 
 3.470000e+00  9.759270e-05  1.924335e-05 
 3.480000e+00  6.790723e-05  1.283008e-05 
 3.490000e+00  4.694123e-05  8.488758e-06 
 3.500000e+00  3.223121e-05  5.572188e-06 
 3.510000e+00  2.197966e-05  3.627984e-06 
 3.520000e+00  1.488402e-05  2.342314e-06 
 3.530000e+00  1.000691e-05  1.499122e-06 
 3.540000e+00  6.678510e-06  9.508338e-07 
 3.550000e+00  4.423539e-06  5.974517e-07 
 3.560000e+00  2.907194e-06  3.717754e-07 
 3.570000e+00  1.895338e-06  2.290265e-07 
 3.580000e+00  1.225444e-06  1.396275e-07 
 3.590000e+00  7.855445e-07  8.421819e-08 
 3.600000e+00  4.990989e-07  5.024550e-08 
 3.610000e+00  3.141964e-07  2.964949e-08 
 3.620000e+00  1.959157e-07  1.730820e-08 
 3.630000e+00  1.209606e-07  1.000163e-08 
 3.640000e+00  7.392358e-08  5.728377e-09 
 3.650000e+00  4.470546e-08  3.259285e-09 
 3.660000e+00  2.674753e-08  1.849011e-09 
 3.670000e+00  1.583143e-08  1.051629e-09 
 3.680000e+00  9.271307e-09  6.041309e-10 
 3.690000e+00  5.375066e-09  3.537112e-10 
 3.700000e+00  3.088495e-09  2.129806e-10 
 3.710000e+00  1.762452e-09  1.327642e-10 
 3.720000e+00  1.002151e-09  8.583055e-11 
 3.730000e+00  5.706250e-10  5.731957e-11 
 3.740000e+00  3.275937e-10  3.921195e-11 
 3.750000e+00  1.912209e-10  2.719673e-11 
 3.760000e+00  1.144883e-10  1.893545e-11 
 3.770000e+00  7.080241e-11  1.312296e-11 
 3.780000e+00  4.535463e-11  8.992058e-12 
 3.790000e+00  3.001637e-11  6.059023e-12 
 3.800000e+00  2.037605e-11  3.995847e-12 
 3.810000e+00  1.405123e-11  2.566903e-12 
 3.820000e+00  9.747106e-12  1.597103e-12 
 3.830000e+00  6.743172e-12  9.548262e-13 
 3.840000e+00  4.619907e-12  5.415713e-13 
 3.850000e+00  3.116882e-12  2.846934e-13 
 3.860000e+00  2.060665e-12  1.317110e-13 
 3.870000e+00  1.328685e-12  4.562294e-14 
 3.880000e+00  8.309454e-13  1.042885e-15 
 3.890000e+00  5.002848e-13 -1.893156e-14 
 3.900000e+00  2.866223e-13 -2.518088e-14 
 3.910000e+00  1.530561e-13 -2.443920e-14 
 3.920000e+00  7.290073e-14 -2.067700e-14 
 3.930000e+00  2.729976e-14 -1.608763e-14 
 3.940000e+00  3.272819e-15 -1.176822e-14 
 3.950000e+00 -7.859148e-15 -8.173466e-15 
 3.960000e+00 -1.171268e-14 -5.406939e-15 
 3.970000e+00 -1.178730e-14 -3.400048e-15 
 3.980000e+00 -1.016470e-14 -2.016196e-15 
 3.990000e+00 -8.009671e-15 -1.107067e-15 
 4.000000e+00 -5.917251e-15 -5.396071e-16 
 4.010000e+00 -4.145455e-15 -2.061122e-16 
 4.020000e+00 -2.765519e-15 -2.527441e-17 
 4.030000e+00 -1.754937e-15  6.098869e-17 
 4.040000e+00 -1.052153e-15  9.218158e-17 
 4.050000e+00 -5.865575e-16  9.390564e-17 
 4.060000e+00 -2.932482e-16  8.190166e-17 
 4.070000e+00 -1.189056e-16  6.524816e-17 
 4.080000e+00 -2.284248e-17  4.873530e-17 
 4.090000e+00  2.426719e-17  3.453685e-17 
 4.100000e+00  4.253502e-17  2.333247e-17 
 4.110000e+00  4.510524e-17  1.502527e-17 
 4.120000e+00  4.013730e-17  9.176057e-18 
 4.130000e+00  3.239489e-17  5.248858e-18 
 4.140000e+00  2.443721e-17  2.736441e-18 
 4.150000e+00  1.746527e-17  1.213857e-18 
 4.160000e+00  1.189453e-17  3.517342e-19 
 4.170000e+00  7.724204e-18 -9.066749e-20 
 4.180000e+00  4.763112e-18 -2.807179e-19 
 4.190000e+00  2.758953e-18 -3.293986e-19 
 4.200000e+00  1.465849e-18 -3.067612e-19 
 4.210000e+00  6.743663e-19 -2.545799e-19 
 4.220000e+00  2.202980e-19 -1.959957e-19 
 4.230000e+00 -1.748675e-20 -1.424695e-19 
 4.240000e+00 -1.238962e-19 -9.855513e-20 
 4.250000e+00 -1.556896e-19 -6.502583e-20 
 4.260000e+00 -1.490093e-19 -4.081943e-20 
 4.270000e+00 -1.256369e-19 -2.417887e-20 
 4.280000e+00 -9.781385e-20 -1.326870e-20 
 4.290000e+00 -7.174793e-20 -6.467874e-21 
 4.300000e+00 -5.003979e-20 -2.474436e-21 
 4.310000e+00 -3.328516e-20 -3.099369e-22 
 4.320000e+00 -2.108126e-20  7.226525e-22 
 4.330000e+00 -1.262334e-20  1.096572e-21 
 4.340000e+00 -7.032492e-21  1.118146e-21 
 4.350000e+00 -3.515680e-21  9.755701e-22 
 4.360000e+00 -1.427291e-21  7.773278e-22 
 4.370000e+00 -2.771853e-22  5.806446e-22 
 4.380000e+00  2.868191e-22  4.114905e-22 
 4.390000e+00  5.057657e-22  2.779942e-22 
 4.400000e+00  5.369855e-22  1.790135e-22 
 4.410000e+00  4.780573e-22  1.093198e-22 
 4.420000e+00  3.859175e-22  6.252794e-23 
 4.430000e+00  2.911446e-22  3.259402e-23 
 4.440000e+00  2.080882e-22  1.445437e-23 
 4.450000e+00  1.417164e-22  4.184149e-24 
 4.460000e+00  9.202746e-23 -1.085293e-24 
 4.470000e+00  5.674609e-23 -3.348275e-24 
 4.480000e+00  3.286692e-23 -3.927166e-24 
 4.490000e+00  1.746031e-23 -3.656600e-24 
 4.500000e+00  8.030732e-24 -3.034268e-24 
 4.510000e+00  2.621468e-24 -2.335839e-24 
 4.520000e+00 -2.108665e-25 -1.697816e-24 
 4.530000e+00 -1.478007e-24 -1.174420e-24 
 4.540000e+00 -1.856257e-24 -7.748279e-25 
 4.550000e+00 -1.776238e-24 -4.863613e-25 
 4.560000e+00 -1.497455e-24 -2.880676e-25 
 4.570000e+00 -1.165740e-24 -1.580664e-25 
 4.580000e+00 -8.550327e-25 -7.703571e-26 
 4.590000e+00 -5.962986e-25 -2.945836e-26 
 4.600000e+00 -3.966198e-25 -3.673748e-27 
 4.610000e+00 -2.511849e-25  8.624476e-27 
 4.620000e+00 -1.503970e-25  1.307548e-26 
 4.630000e+00 -8.377802e-26  1.332926e-26 
 4.640000e+00 -4.187529e-26  1.162807e-26 
 4.650000e+00 -1.699410e-26  9.264352e-27 
 4.660000e+00 -3.293125e-27  6.919772e-27 
 4.670000e+00  3.424523e-27  4.903608e-27 
 4.680000e+00  6.031180e-27  3.312588e-27 
 4.690000e+00  6.401528e-27  2.133005e-27 
 4.700000e+00  5.698193e-27  1.302492e-27 
 4.710000e+00  4.599504e-27  7.449228e-28 
 4.720000e+00  3.469722e-27  3.882533e-28 
 4.730000e+00  2.479748e-27  1.721305e-28 
 4.740000e+00  1.688713e-27  4.977864e-29 
 4.750000e+00  1.096549e-27 -1.298832e-29 
 4.760000e+00  6.761106e-28 -3.993555e-29 
 4.770000e+00  3.915650e-28 -4.682003e-29 
 4.780000e+00  2.079898e-28 -4.358650e-29 
 4.790000e+00  9.564060e-29 -3.616449e-29 
 4.800000e+00  3.119739e-29 -2.783801e-29 
 4.810000e+00 -2.541033e-30 -2.023294e-29 
 4.820000e+00 -1.763108e-29 -1.399481e-29 
 4.830000e+00 -2.213148e-29 -9.232607e-30 
 4.840000e+00 -2.117317e-29 -5.794965e-30 
 4.850000e+00 -1.784798e-29 -3.432043e-30 
 4.860000e+00 -1.389320e-29 -1.883001e-30 
 4.870000e+00 -1.018956e-29 -9.175343e-31 
 4.880000e+00 -7.105778e-30 -3.507037e-31 
 4.890000e+00 -4.726044e-30 -4.354443e-32 
 4.900000e+00 -2.992887e-30  1.029283e-31 
 4.910000e+00 -1.791859e-30  1.559115e-31 
 4.920000e+00 -9.980465e-31  1.588962e-31 
 4.930000e+00 -4.987767e-31  1.385980e-31 
 4.940000e+00 -2.023406e-31  1.104144e-31 
 4.950000e+00 -3.912389e-32  8.246566e-32 
 4.960000e+00  4.088751e-32  5.843481e-32 
 4.970000e+00  7.192089e-32  3.947289e-32 
 4.980000e+00  7.631407e-32  2.541545e-32 
 4.990000e+00  6.791948e-32  1.551855e-32 
 5.000000e+00  5.481856e-32  8.874592e-33 
 5.010000e+00  4.135050e-32  4.624793e-33 
 5.020000e+00  2.955069e-32  2.049822e-33 
 5.030000e+00  2.012295e-32  5.922126e-34 
 5.040000e+00  1.306588e-32 -1.554359e-34 
 5.050000e+00  8.055628e-33 -4.763188e-34 
 5.060000e+00  4.664967e-33 -5.581926e-34 
 5.070000e+00  2.477604e-33 -5.195491e-34 
 5.080000e+00  1.139015e-33 -4.310332e-34 
 5.090000e+00  3.712712e-34 -3.317673e-34 
 5.100000e+00 -3.061675e-35 -2.411167e-34 
 5.110000e+00 -2.103200e-34 -1.667673e-34 
 5.120000e+00 -2.638655e-34 -1.100128e-34 
 5.130000e+00 -2.523891e-34 -6.904665e-35 
 5.140000e+00 -2.127277e-34 -4.088942e-35 
 5.150000e+00 -1.655780e-34 -2.243167e-35 
 5.160000e+00 -1.214306e-34 -1.092830e-35 
 5.170000e+00 -8.467584e-35 -4.175147e-36 
 5.180000e+00 -5.631461e-35 -5.161113e-37 
 5.190000e+00 -3.566047e-35  1.228390e-36 
 5.200000e+00 -2.134856e-35  1.859081e-36 
 5.210000e+00 -1.188971e-35  1.894178e-36 
 5.220000e+00 -5.940928e-36  1.651984e-36 
 5.230000e+00 -2.409172e-36  1.315942e-36 
 5.240000e+00 -4.648061e-37  9.827759e-37 
 5.250000e+00  4.881794e-37  6.963499e-37 
 5.260000e+00  8.576449e-37  4.703601e-37 
 5.270000e+00  9.097572e-37  3.028333e-37 
 5.280000e+00  8.095645e-37  1.848959e-37 
 5.290000e+00  6.533473e-37  1.057269e-37 
 5.300000e+00  4.927955e-37  5.508958e-38 
 5.310000e+00  3.521500e-37  2.441038e-38 
 5.320000e+00  2.397879e-37  7.045489e-39 
 5.330000e+00  1.556858e-37 -1.860123e-39 
 5.340000e+00  9.598008e-38 -5.681138e-39 
 5.350000e+00  5.557678e-38 -6.654821e-39 
 5.360000e+00  2.951356e-38 -6.192999e-39 
 5.370000e+00  1.356488e-38 -5.137349e-39 
 5.380000e+00  4.418384e-39 -3.953929e-39 
 5.390000e+00 -3.688548e-40 -2.873397e-39 
 5.400000e+00 -2.508892e-39 -1.987259e-39 
 5.410000e+00 -3.145971e-39 -1.310878e-39 
 5.420000e+00 -3.008537e-39 -8.226865e-40 
 5.430000e+00 -2.535473e-39 -4.871572e-40 
 5.440000e+00 -1.973345e-39 -2.672222e-40 
 5.450000e+00 -1.447107e-39 -1.301615e-40 
 5.460000e+00 -1.009038e-39 -4.970530e-41 
 5.470000e+00 -6.710339e-40 -6.117042e-42 
 5.480000e+00 -4.248971e-40  1.466008e-41 
 5.490000e+00 -2.543508e-40  2.216758e-41 
 5.500000e+00 -1.416419e-40  2.258020e-41 
 5.510000e+00 -7.076237e-41  1.969042e-41 
 5.520000e+00 -2.868482e-41  1.568366e-41 
 5.530000e+00 -5.522016e-42  1.171213e-41 
 5.540000e+00  5.828632e-42  8.298189e-42 
 5.550000e+00  1.022727e-41  5.604824e-42 
 5.560000e+00  1.084542e-41  3.608358e-42 
 5.570000e+00  9.649583e-42  2.202944e-42 
 5.580000e+00  7.786828e-42  1.259570e-42 
 5.590000e+00  5.872901e-42  6.562154e-43 
 5.600000e+00  4.196505e-42  2.906916e-43 
 5.610000e+00  2.857347e-42  8.381918e-44 
 5.620000e+00  1.855066e-42 -2.225995e-44 
 5.630000e+00  1.143570e-42 -6.775989e-44 
 5.640000e+00  6.621220e-43 -7.933932e-44 
 5.650000e+00  3.515696e-43 -7.382023e-44 
 5.660000e+00  1.615484e-43 -6.123044e-44 
 5.670000e+00  5.258173e-44 -4.712205e-44 
 5.680000e+00 -4.443245e-45 -3.424238e-44 
 5.690000e+00 -2.992834e-44 -2.368090e-44 
 5.700000e+00 -3.750823e-44 -1.562001e-44 
 5.710000e+00 -3.586244e-44 -9.802257e-45 
 5.720000e+00 -3.021997e-44 -5.803998e-45 
 5.730000e+00 -2.351817e-44 -3.183343e-45 
 5.740000e+00 -1.724540e-44 -1.550288e-45 
 5.750000e+00 -1.202417e-44 -5.917432e-46 
 5.760000e+00 -7.995907e-45 -7.249813e-47 
 5.770000e+00 -5.062680e-45  1.749587e-46 
 5.780000e+00 -3.030384e-45  2.643249e-46 
 5.790000e+00 -1.687378e-45  2.691751e-46 
 5.800000e+00 -8.428500e-46  2.346950e-46 
 5.810000e+00 -3.415357e-46  1.869210e-46 
 5.820000e+00 -6.560235e-47  1.395780e-46 
 5.830000e+00  6.959085e-47  9.888699e-47 
 5.840000e+00  1.219584e-46  6.678723e-47 
 5.850000e+00  1.292906e-46  4.299475e-47 
 5.860000e+00  1.150179e-46  2.624699e-47 
 5.870000e+00  9.280620e-47  1.500581e-47 
 5.880000e+00  6.999042e-47  7.816698e-48 
 5.890000e+00  5.000895e-47  3.461707e-48 
 5.900000e+00  3.404855e-47  9.971822e-49 
 5.910000e+00  2.210395e-47 -2.663783e-49 
 5.920000e+00  1.362525e-47 -8.081828e-49 
 5.930000e+00  7.888286e-48 -9.458897e-49 
 5.940000e+00  4.187945e-48 -8.799332e-49 
 5.950000e+00  1.923929e-48 -7.297862e-49 
 5.960000e+00  6.257567e-49 -5.615901e-49 
 5.970000e+00 -5.351737e-50 -4.080676e-49 
 5.980000e+00 -3.570121e-49 -2.821901e-49 
 5.990000e+00 -4.471965e-49 -1.861231e-49 
 6.000000e+00 -4.274884e-49 -1.167933e-49 
 6.010000e+00 -3.601877e-49 -6.914891e-50 
 6.020000e+00 -2.802875e-49 -3.792226e-50 
 6.030000e+00 -2.055162e-49 -1.846469e-50 
 6.040000e+00 -1.432857e-49 -7.044714e-51 
 6.050000e+00 -9.527765e-50 -8.592099e-52 
 6.060000e+00 -6.032220e-50  2.088015e-51 
 6.070000e+00 -3.610457e-50  3.151793e-51 
 6.080000e+00 -2.010170e-50  3.208794e-51 
 6.090000e+00 -1.003918e-50  2.797389e-51 
 6.100000e+00 -4.066491e-51  2.227762e-51 
 6.110000e+00 -7.793581e-52  1.663406e-51 
 6.120000e+00  8.308756e-52  1.178406e-51 
 6.130000e+00  1.454332e-51  7.958384e-52 
 6.140000e+00  1.541301e-51  5.122963e-52 
 6.150000e+00  1.370953e-51  3.127198e-52 
 6.160000e+00  1.106097e-51  1.787707e-52 
 6.170000e+00  8.341122e-52  9.311081e-53 
 6.180000e+00  5.959471e-52  4.122380e-53 
 6.190000e+00  4.057273e-52  1.186327e-53 
 6.200000e+00  2.633785e-52 -3.187614e-54 
 6.210000e+00  1.623401e-52 -9.639314e-54 
 6.220000e+00  9.397823e-53 -1.127697e-53 
 6.230000e+00  4.988736e-53 -1.048876e-53 
 6.240000e+00  2.291265e-53 -8.698089e-54 
 6.250000e+00  7.446897e-54 -6.692904e-54 
 6.260000e+00 -6.445253e-55 -4.862956e-54 
 6.270000e+00 -4.258755e-54 -3.362679e-54 
 6.280000e+00 -5.331753e-54 -2.217784e-54 
 6.290000e+00 -5.095757e-54 -1.391584e-54 
 6.300000e+00 -4.293028e-54 -8.238410e-55 
 6.310000e+00 -3.340443e-54 -4.517570e-55 
 6.320000e+00 -2.449168e-54 -2.199235e-55 
 6.330000e+00 -1.707461e-54 -8.386738e-56 
 6.340000e+00 -1.135310e-54 -1.018260e-56 
 6.350000e+00 -7.187432e-55  2.491901e-56 
 6.360000e+00 -4.301567e-55  3.758176e-56 
 6.370000e+00 -2.394711e-55  3.825153e-56 
 6.380000e+00 -1.195765e-55  3.334277e-56 
 6.390000e+00 -4.841759e-56  2.655091e-56 
 6.400000e+00 -9.258713e-57  1.982346e-56 
 6.410000e+00  9.920149e-57  1.404270e-56 
 6.420000e+00  1.734263e-56  9.483230e-57 
 6.430000e+00  1.837419e-56  6.104176e-57 
 6.440000e+00  1.634103e-56  3.725902e-57 
 6.450000e+00  1.318286e-56  2.129772e-57 
 6.460000e+00  9.940548e-57  1.109116e-57 
 6.470000e+00  7.101788e-57  4.909140e-58 
 6.480000e+00  4.834703e-57  1.411345e-58 
 6.490000e+00  3.138273e-57 -3.814390e-59 
 6.500000e+00  1.934227e-57 -1.149694e-58 
 6.510000e+00  1.119623e-57 -1.344448e-58 
 6.520000e+00  5.942647e-58 -1.250254e-58 
 6.530000e+00  2.728736e-58 -1.036697e-58 
 6.540000e+00  8.862258e-59 -7.976453e-59 
 6.550000e+00 -7.761343e-60 -5.795201e-59 
 6.560000e+00 -5.080212e-59 -4.007089e-59 
 6.570000e+00 -6.356842e-59 -2.642641e-59 
 6.580000e+00 -6.074256e-59 -1.658063e-59 
 6.590000e+00 -5.116802e-59 -9.815252e-60 
 6.600000e+00 -3.981111e-59 -5.381651e-60 
 6.610000e+00 -2.918711e-59 -2.619395e-60 
 6.620000e+00 -2.034691e-59 -9.984409e-61 
 6.630000e+00 -1.352812e-59 -1.206715e-61 
 6.640000e+00 -8.563876e-60  2.973904e-61 
 6.650000e+00 -5.124968e-60  4.481221e-61 
 6.660000e+00 -2.852814e-60  4.559903e-61 
 6.670000e+00 -1.424274e-60  3.974207e-61 
 6.680000e+00 -5.764826e-61  3.164390e-61 
 6.690000e+00 -1.099918e-61  2.362439e-61 
 6.700000e+00  1.184401e-61  1.673426e-61 
 6.710000e+00  2.068075e-61  1.130024e-61 
 6.720000e+00  2.190426e-61  7.273321e-62 
 6.730000e+00  1.947764e-61  4.439226e-62 
 6.740000e+00  1.571180e-61  2.537289e-62 
 6.750000e+00  1.184667e-61  1.321154e-62 
 6.760000e+00  8.463063e-62  5.846051e-63 
 6.770000e+00  5.761099e-62  1.679038e-63 
 6.780000e+00  3.739392e-62 -4.564328e-64 
 6.790000e+00  2.304565e-62 -1.371254e-63 
 6.800000e+00  1.333878e-62 -1.602861e-63 
 6.810000e+00  7.078958e-63 -1.490295e-63 
 6.820000e+00  3.249730e-63 -1.235606e-63 
 6.830000e+00  1.054660e-63 -9.506156e-64 
 6.840000e+00 -9.345157e-65 -6.906160e-64 
 6.850000e+00 -6.060111e-64 -4.774990e-64 
 6.860000e+00 -7.579015e-64 -3.148887e-64 
 6.870000e+00 -7.240646e-64 -1.975571e-64 
 6.880000e+00 -6.098645e-64 -1.169390e-64 
 6.890000e+00 -4.744654e-64 -6.411005e-65 
 6.900000e+00 -3.478272e-64 -3.119826e-65 
 6.910000e+00 -2.424633e-64 -1.188642e-65 
 6.920000e+00 -1.611984e-64 -1.430005e-66 
 6.930000e+00 -1.020392e-64  3.549132e-66 
 6.940000e+00 -6.105982e-65  5.343371e-66 
 6.950000e+00 -3.398550e-65  5.435785e-66 
 6.960000e+00 -1.696449e-65  4.736955e-66 
 6.970000e+00 -6.863869e-66  3.771382e-66 
 6.980000e+00 -1.306668e-66  2.815411e-66 
 6.990000e+00  1.414092e-66  1.994170e-66 
 7.000000e+00  2.466137e-66  1.346539e-66 
 7.010000e+00  2.611252e-66  8.666395e-67 
 7.020000e+00  2.321630e-66  5.289117e-67 
 7.030000e+00  1.872588e-66  3.022781e-67 
 7.040000e+00  1.411828e-66  1.573729e-67 
 7.050000e+00  1.008527e-66  6.961767e-68 
 7.060000e+00  6.865005e-67  1.997500e-68 
 7.070000e+00  4.455652e-67 -5.461616e-69 
 7.080000e+00  2.745809e-67 -1.635511e-68 
 7.090000e+00  1.589135e-67 -1.910941e-68 
 7.100000e+00  8.432544e-68 -1.776423e-68 
 7.110000e+00  3.870197e-68 -1.472679e-68 
 7.120000e+00  1.255105e-68 -1.132922e-68 
 7.130000e+00 -1.125097e-69 -8.230093e-69 
 7.140000e+00 -7.229010e-69 -5.690049e-69 
 7.150000e+00 -9.036160e-69 -3.752113e-69 
 7.160000e+00 -8.631008e-69 -2.353879e-69 
 7.170000e+00 -7.268890e-69 -1.393212e-69 
 7.180000e+00 -5.654637e-69 -7.637244e-70 
 7.190000e+00 -4.145110e-69 -3.715861e-70 
 7.200000e+00 -2.889307e-69 -1.415075e-70 
 7.210000e+00 -1.920808e-69 -1.694560e-71 
 7.220000e+00 -1.215804e-69  4.235612e-71 
 7.230000e+00 -7.274781e-70  6.371390e-71 
 7.240000e+00 -4.048683e-70  6.479909e-71 
 7.250000e+00 -2.020637e-70  5.646092e-71 
 7.260000e+00 -8.172432e-71  4.494807e-71 
 7.270000e+00 -1.552268e-71  3.355235e-71 
 7.280000e+00  1.688321e-71  2.376390e-71 
 7.290000e+00  2.940817e-71  1.604539e-71 
 7.300000e+00  3.112927e-71  1.032629e-71 
 7.310000e+00  2.767259e-71  6.301719e-72 
 7.320000e+00  2.231817e-71  3.601167e-72 
 7.330000e+00  1.682549e-71  1.874590e-72 
 7.340000e+00  1.201842e-71  8.290415e-73 
 7.350000e+00  8.180435e-72  2.376358e-73 
 7.360000e+00  5.309108e-72 -6.535184e-74 
 7.370000e+00  3.271536e-72 -1.950691e-73 
 7.380000e+00  1.893237e-72 -2.278235e-73 
 7.390000e+00  1.004495e-72 -2.117485e-73 
 7.400000e+00  4.609126e-73 -1.755239e-73 
 7.410000e+00  1.493643e-73 -1.350191e-73 
 7.420000e+00 -1.354403e-74 -9.807828e-74 
 7.430000e+00 -8.623361e-74 -6.780466e-74 
 7.440000e+00 -1.077345e-73 -4.470897e-74 
 7.450000e+00 -1.028835e-73 -2.804631e-74 
 7.460000e+00 -8.663686e-74 -1.659874e-74 
 7.470000e+00 -6.739145e-74 -9.098024e-75 
 7.480000e+00 -4.939790e-74 -4.425767e-75 
 7.490000e+00 -3.443034e-74 -1.684642e-75 
 7.500000e+00 -2.288796e-74 -2.007994e-76 
 7.510000e+00 -1.448638e-74  5.054865e-76 
 7.520000e+00 -8.667307e-75  7.597186e-76 
 7.530000e+00 -4.823184e-75  7.724589e-76 
 7.540000e+00 -2.406775e-75  6.729714e-76 
 7.550000e+00 -9.730461e-76  5.356999e-76 
 7.560000e+00 -1.844011e-76  3.998564e-76 
 7.570000e+00  2.015723e-76  2.831871e-76 
 7.580000e+00  3.506861e-76  1.911972e-76 
 7.590000e+00  3.710984e-76  1.230410e-76 
 7.600000e+00  3.298423e-76  7.508182e-77 
 7.610000e+00  2.659958e-76  4.290223e-77 
 7.620000e+00  2.005180e-76  2.232969e-77 
 7.630000e+00  1.432212e-76  9.872628e-78 
 7.640000e+00  9.747918e-77  2.827062e-78 
 7.650000e+00  6.326038e-77 -7.819657e-79 
 7.660000e+00  3.897921e-77 -2.326607e-78 
 7.670000e+00  2.255534e-77 -2.716125e-78 
 7.680000e+00  1.196567e-77 -2.524028e-78 
 7.690000e+00  5.489135e-78 -2.092013e-78 
 7.700000e+00  1.777512e-78 -1.609126e-78 
 7.710000e+00 -1.630281e-79 -1.168802e-78 
 7.720000e+00 -1.028664e-78 -8.079843e-79 
 7.730000e+00 -1.284475e-78 -5.327377e-79 
 7.740000e+00 -1.226393e-78 -3.341698e-79 
 7.750000e+00 -1.032613e-78 -1.977575e-79 
 7.760000e+00 -8.031654e-79 -1.083821e-79 
 7.770000e+00 -5.886822e-79 -5.271295e-80 
 7.780000e+00 -4.102881e-79 -2.005557e-80 
 7.790000e+00 -2.727282e-79 -2.379329e-81 
 7.800000e+00 -1.726062e-79  6.032554e-81 
 7.810000e+00 -1.032639e-79  9.058807e-81 
 7.820000e+00 -5.745845e-80  9.208351e-81 
 7.830000e+00 -2.866702e-80  8.021310e-81 
 7.840000e+00 -1.158550e-80  6.384575e-81 
 7.850000e+00 -2.190565e-81  4.765242e-81 
 7.860000e+00  2.406603e-81  3.374651e-81 
 7.870000e+00  4.181852e-81  2.278310e-81 
 7.880000e+00  4.423938e-81  1.466073e-81 
 7.890000e+00  3.931543e-81  8.945623e-82 
 7.900000e+00  3.170231e-81  5.111124e-82 
 7.910000e+00  2.389676e-81  2.659860e-82 
 7.920000e+00  1.706738e-81  1.175680e-82 
 7.930000e+00  1.161575e-81  3.363245e-83 
 7.940000e+00  7.537756e-82 -9.356379e-84 
 7.950000e+00  4.644238e-82 -2.774963e-83 
 7.960000e+00  2.687161e-82 -3.238180e-83 
 7.970000e+00  1.425364e-82 -3.008626e-83 
 7.980000e+00  6.537157e-83 -2.493401e-83 
 7.990000e+00  2.115329e-83 -1.917719e-83 
 8.000000e+00 -1.962135e-84 -1.392865e-83 
 8.010000e+00 -1.227073e-83 -9.628230e-84 
 8.020000e+00 -1.531428e-83 -6.347933e-84 
 8.030000e+00 -1.461887e-83 -3.981609e-84 
 8.040000e+00 -1.230756e-83 -2.356083e-84 
 8.050000e+00 -9.572050e-84 -1.291123e-84 
 8.060000e+00 -7.015413e-84 -6.278361e-85 
 8.070000e+00 -4.889186e-84 -2.387607e-85 
 8.080000e+00 -3.249775e-84 -2.819255e-86 
 8.090000e+00 -2.056614e-84  7.199345e-86 
 8.100000e+00 -1.230304e-84  1.080164e-85 
 8.110000e+00 -6.845004e-85  1.097712e-85 
 8.120000e+00 -3.414519e-85  9.560787e-86 
 8.130000e+00 -1.379421e-85  7.609258e-86 
 8.140000e+00 -2.602230e-86  5.678925e-86 
 8.150000e+00  2.873276e-86  4.021469e-86 
 8.160000e+00  4.986766e-86  2.714839e-86 
 8.170000e+00  5.273865e-86  1.746871e-86 
 8.180000e+00  4.686186e-86  1.065825e-86 
 8.190000e+00  3.778391e-86  6.089097e-87 
 8.200000e+00  2.847900e-86  3.168366e-87 
 8.210000e+00  2.033887e-86  1.400057e-87 
 8.220000e+00  1.384149e-86  4.001100e-88 
 8.230000e+00  8.981567e-87 -1.119506e-88 
 8.240000e+00  5.533444e-87 -3.309721e-88 
 8.250000e+00  3.201384e-87 -3.860572e-88 
 8.260000e+00  1.697912e-87 -3.586258e-88 
 8.270000e+00  7.785282e-88 -2.971804e-88 
 8.280000e+00  2.517341e-88 -2.285495e-88 
 8.290000e+00 -2.361362e-89 -1.659881e-88 
 8.300000e+00 -1.463750e-88 -1.147334e-88 
 8.310000e+00 -1.825858e-88 -7.563985e-89 
 8.320000e+00 -1.742598e-88 -4.744056e-89 
 8.330000e+00 -1.466920e-88 -2.807041e-89 
 8.340000e+00 -1.140789e-88 -1.538078e-89 
 8.350000e+00 -8.360375e-89 -7.477819e-90 
 8.360000e+00 -5.826182e-89 -2.842420e-90 
 8.370000e+00 -3.872362e-89 -3.340358e-91 
 8.380000e+00 -2.450468e-89  8.591758e-91 
 8.390000e+00 -1.465808e-89  1.287973e-90 
 8.400000e+00 -8.154437e-90  1.308562e-90 
 8.410000e+00 -4.067023e-90  1.139574e-90 
 8.420000e+00 -1.642393e-90  9.068869e-91 
 8.430000e+00 -3.091203e-91  6.767793e-91 
 8.440000e+00  3.430422e-91  4.792253e-91 
 8.450000e+00  5.946589e-91  3.235005e-91 
 8.460000e+00  6.287074e-91  2.081453e-91 
 8.470000e+00  5.585684e-91  1.269879e-91 
 8.480000e+00  4.503222e-91  7.254201e-92 
 8.490000e+00  3.393989e-91  3.774077e-92 
 8.500000e+00  2.423741e-91  1.667248e-92 
 8.510000e+00  1.649369e-91  4.759925e-93 
 8.520000e+00  1.070193e-91 -1.339445e-93 
 8.530000e+00  6.592911e-92 -3.947513e-93 
 8.540000e+00  3.814014e-92 -4.602600e-93 
 8.550000e+00  2.022570e-92 -4.274806e-93 
 8.560000e+00  9.271677e-93 -3.541998e-93 
 8.570000e+00  2.995749e-93 -2.723797e-93 
 8.580000e+00 -2.841406e-94 -1.978082e-93 
 8.590000e+00 -1.746069e-93 -1.367203e-93 
 8.600000e+00 -2.176897e-93 -9.013013e-94 
 8.610000e+00 -2.077218e-93 -5.652515e-94 
 8.620000e+00 -1.748402e-93 -3.344306e-94 
 8.630000e+00 -1.359580e-93 -1.832261e-94 
 8.640000e+00 -9.963169e-94 -8.906418e-95 
 8.650000e+00 -6.942748e-94 -3.383899e-95 
 8.660000e+00 -4.614232e-94 -3.957860e-96 
 8.670000e+00 -2.919751e-94  1.025350e-95 
 8.680000e+00 -1.746389e-94  1.535773e-95 
 8.690000e+00 -9.714334e-95  1.559918e-95 
 8.700000e+00 -4.844210e-95  1.358284e-95 
 8.710000e+00 -1.955507e-95  1.080842e-95 
 8.720000e+00 -3.672105e-96  8.065430e-96 
 8.730000e+00  4.095594e-96  5.710787e-96 
 8.740000e+00  7.091198e-96  3.854846e-96 
 8.750000e+00  7.494963e-96  2.480116e-96 
 8.760000e+00  6.657827e-96  1.512992e-96 
 8.770000e+00  5.367085e-96  8.642215e-97 
 8.780000e+00  4.044786e-96  4.495604e-97 
 8.790000e+00  2.888327e-96  1.985453e-97 
 8.800000e+00  1.965413e-96  5.662671e-98 
 8.810000e+00  1.275183e-96 -1.602672e-98 
 8.820000e+00  7.855207e-97 -4.708276e-98 
 8.830000e+00  4.543867e-97 -5.487240e-98 
 8.840000e+00  2.409312e-97 -5.095512e-98 
 8.850000e+00  1.104194e-97 -4.221577e-98 
 8.860000e+00  3.565089e-98 -3.246162e-98 
 8.870000e+00 -3.419060e-99 -2.357294e-98 
 8.880000e+00 -2.082866e-98 -1.629209e-98 
 8.890000e+00 -2.595426e-98 -1.073958e-98 
 8.900000e+00 -2.476078e-98 -6.734905e-99 
 8.910000e+00 -2.083889e-98 -3.984411e-99 
 8.920000e+00 -1.620336e-98 -2.182733e-99 
 8.930000e+00 -1.187328e-98 -1.060802e-99 
 8.940000e+00 -8.273311e-99 -4.028460e-100 
 8.950000e+00 -5.498213e-99 -4.688599e-101 
 8.960000e+00 -3.478892e-99 1.223673e-100 
 8.970000e+00 -2.080679e-99 1.831220e-100 
 8.980000e+00 -1.157271e-99 1.859535e-100 
 8.990000e+00 -5.769949e-100 1.618971e-100 
 9.000000e+00 -2.328295e-100 1.288175e-100 
 9.010000e+00 -4.361840e-101 9.611913e-101 
 9.020000e+00 4.889804e-101 6.805345e-101 
 9.030000e+00 8.456026e-101 4.593414e-101 
 9.040000e+00 8.934828e-101 2.955133e-101 
 9.050000e+00 7.935760e-101 1.802666e-101 
 9.060000e+00 6.396700e-101 1.029592e-101 
 9.070000e+00 4.820391e-101 5.355049e-102 
 9.080000e+00 3.441956e-101 2.364321e-102 
 9.090000e+00 2.342002e-101 6.736335e-103 
 9.100000e+00 1.519434e-101 -1.917426e-103 
 9.110000e+00 9.359241e-102 -5.615434e-103 
 9.120000e+00 5.413431e-102 -6.541878e-103 
 9.130000e+00 2.870002e-102 -6.073867e-103 
 9.140000e+00 1.314996e-102 -5.031599e-103 
 9.150000e+00 4.242498e-103 -3.868693e-103 
 9.160000e+00 -4.113342e-104 -2.809168e-103 
 9.170000e+00 -2.484546e-103 -1.941412e-103 
 9.180000e+00 -3.094399e-103 -1.279701e-103 
 9.190000e+00 -2.951551e-103 -8.024684e-104 
 9.200000e+00 -2.483772e-103 -4.747048e-104 
 9.210000e+00 -1.931100e-103 -2.600190e-104 
 9.220000e+00 -1.414948e-103 -1.263436e-104 
 9.230000e+00 -9.858816e-104 -4.795840e-105 
 9.240000e+00 -6.551577e-104 -5.555962e-106 
 9.250000e+00 -4.145157e-104 1.460279e-105 
 9.260000e+00 -2.478970e-104 2.183556e-105 
 9.270000e+00 -1.378642e-104 2.216761e-105 
 9.280000e+00 -6.872451e-105 1.929694e-105 
 9.290000e+00 -2.772145e-105 1.535251e-105 
 9.300000e+00 -5.181724e-106 1.145474e-105 
 9.310000e+00 5.837669e-106 8.109734e-106 
 9.320000e+00 1.008367e-105 5.473603e-106 
 9.330000e+00 1.065153e-105 3.521172e-106 
 9.340000e+00 9.459028e-106 2.147769e-106 
 9.350000e+00 7.623742e-106 1.226570e-106 
 9.360000e+00 5.744648e-106 6.378742e-107 
 9.370000e+00 4.101710e-106 2.815628e-107 
 9.380000e+00 2.790790e-106 8.014522e-108 
 9.390000e+00 1.810490e-106 -2.294162e-108 
 9.400000e+00 1.115117e-106 -6.697948e-108 
 9.410000e+00 6.449265e-107 -7.799408e-108 
 9.420000e+00 3.418743e-107 -7.239877e-108 
 9.430000e+00 1.566087e-107 -5.996841e-108 
 9.440000e+00 5.049002e-108 -4.610590e-108 
 9.450000e+00 -4.948362e-109 -3.347753e-108 
 9.460000e+00 -2.963885e-108 -2.313502e-108 
 9.470000e+00 -3.689389e-108 -1.524848e-108 
 9.480000e+00 -3.518272e-108 -9.561130e-109 
 9.490000e+00 -2.960312e-108 -5.655529e-109 
 9.500000e+00 -2.301450e-108 -3.097576e-109 
 9.510000e+00 -1.686233e-108 -1.504880e-109 
 9.520000e+00 -1.174841e-108 -5.709487e-110 
 9.530000e+00 -7.806743e-109 -6.578918e-111 
 9.540000e+00 -4.938908e-109 1.742920e-110 
 9.550000e+00 -2.953443e-109 2.603601e-110 
 9.560000e+00 -1.642381e-109 2.642419e-110 
 9.570000e+00 -8.185997e-110 2.299987e-110 
 9.580000e+00 -3.300684e-110 1.829774e-110 
 9.590000e+00 -6.154165e-111 1.365152e-110 
 9.600000e+00 6.970420e-111 9.664221e-111 
 9.610000e+00 1.202447e-110 6.522201e-111 
 9.620000e+00 1.269739e-110 4.195464e-111 
 9.630000e+00 1.127437e-110 2.558969e-111 
 9.640000e+00 9.086317e-111 1.461328e-111 
 9.650000e+00 6.846362e-111 7.598452e-112 
 9.660000e+00 4.887986e-111 3.352769e-112 
 9.670000e+00 3.325497e-111 9.531941e-113 
 9.680000e+00 2.157230e-111 -2.745078e-113 
 9.690000e+00 1.328620e-111 -7.987594e-113 
 9.700000e+00 7.683628e-112 -9.297699e-113 
 9.710000e+00 4.072553e-112 -8.629935e-113 
 9.720000e+00 1.865033e-112 -7.147828e-113 
 9.730000e+00 6.007585e-113 -5.494977e-113 
 9.740000e+00 -5.954525e-114 -3.989443e-113 
 9.750000e+00 -3.535191e-113 -2.756727e-113 
 9.760000e+00 -4.398384e-113 -1.816939e-113 
 9.770000e+00 -4.193830e-113 -1.139252e-113 
 9.780000e+00 -3.528484e-113 -6.738346e-114 
 9.790000e+00 -2.742928e-113 -3.689968e-114 
 9.800000e+00 -2.009491e-113 -1.792151e-114 
 9.810000e+00 -1.399951e-113 -6.796163e-115 
 9.820000e+00 -9.302230e-114 -7.799928e-116 
 9.830000e+00 -5.884893e-114 2.079193e-115 
 9.840000e+00 -3.518921e-114 3.104334e-115 
 9.850000e+00 -1.956551e-114 3.150257e-115 
 9.860000e+00 -9.749496e-115 2.741627e-115 
 9.870000e+00 -3.929508e-115 2.180744e-115 
 9.880000e+00 -7.311906e-116 1.626797e-115 
 9.890000e+00 8.318878e-116 1.151611e-115 
 9.900000e+00 1.433789e-115 7.772184e-116 
 9.910000e+00 1.513763e-115 4.999412e-116 
 9.920000e+00 1.343929e-115 3.048921e-116 
 9.930000e+00 1.082945e-115 1.740761e-116 
 9.940000e+00 8.158803e-116 9.049843e-117 
 9.950000e+00 5.824722e-116 3.992793e-117 
 9.960000e+00 3.962791e-116 1.134651e-117 
 9.970000e+00 2.570576e-116 -3.281042e-118 
 9.980000e+00 1.583034e-116 -9.528295e-118 
 9.990000e+00 9.153399e-117 -1.108692e-117 
 1.000000e+01 4.850764e-117 -1.028722e-117 
 1.001000e+01 2.221108e-117 -8.518448e-118 
 1.002000e+01 7.151652e-118 -6.548205e-118 
 1.003000e+01 -7.147970e-119 -4.754351e-118 
 1.004000e+01 -4.217348e-118 -3.285375e-118 
 1.005000e+01 -5.244788e-118 -2.165140e-118 
 1.006000e+01 -4.999369e-118 -1.357298e-118 
 1.007000e+01 -4.205303e-118 -8.026731e-119 
 1.008000e+01 -3.268769e-118 -4.395522e-119 
 1.009000e+01 -2.394754e-118 -2.135039e-119 
 1.010000e+01 -1.668373e-118 -8.094582e-120 
 1.011000e+01 -1.108495e-118 -9.237360e-121 
 1.012000e+01 -7.011568e-119 2.483158e-120 
 1.013000e+01 -4.192002e-119 3.702354e-120 
 1.014000e+01 -2.330690e-119 3.754867e-120 
 1.015000e+01 -1.161415e-119 3.267186e-120 
 1.016000e+01 -4.680152e-120 2.598989e-120 
 1.017000e+01 -8.686550e-121 1.939006e-120 
 1.018000e+01 9.937945e-121 1.372532e-120 
 1.019000e+01 1.710103e-120 9.260957e-121 
 1.020000e+01 1.804460e-120 5.955755e-121 
 1.021000e+01 1.601663e-120 3.632132e-121 
 1.022000e+01 1.290643e-120 2.074121e-121 
 1.023000e+01 9.724208e-121 1.078379e-121 
 1.024000e+01 6.941985e-121 4.755531e-122 
 1.025000e+01 4.722071e-121 1.348453e-122 
 1.026000e+01 3.062531e-121 -3.935349e-123 
 1.027000e+01 1.885900e-121 -1.136269e-122 
 1.028000e+01 1.090570e-121 -1.321207e-122 
 1.029000e+01 5.779696e-122 -1.226020e-122 
 1.030000e+01 2.645611e-122 -1.015474e-122 
 1.031000e+01 8.506635e-123 -7.806139e-123 
 1.032000e+01 -8.635955e-124 -5.666041e-123 
 1.033000e+01 -5.030647e-123 -3.914060e-123 
 1.034000e+01 -6.251150e-123 -2.579259e-123 
 1.035000e+01 -5.958402e-123 -1.617271e-123 
 1.036000e+01 -5.012780e-123 -9.566342e-124 
 1.037000e+01 -3.896493e-123 -5.237669e-124 
 1.038000e+01 -2.854053e-123 -2.542131e-124 
 1.039000e+01 -1.987818e-123 -9.626049e-125 
 1.040000e+01 -1.320597e-123 -1.093043e-125 
 1.041000e+01 -8.354194e-124 2.958740e-125 
 1.042000e+01 -4.995541e-124 4.411598e-125 
 1.043000e+01 -2.777174e-124 4.476857e-125 
 1.044000e+01 -1.383168e-124 3.896224e-125 
 1.045000e+01 -5.568583e-125 3.098292e-125 
 1.046000e+01 -1.030952e-125 2.310253e-125 
 1.047000e+01 1.184985e-125 1.634933e-125 
 1.048000e+01 2.038035e-125 1.103416e-125 
 1.049000e+01 2.151249e-125 7.098870e-126 
 1.050000e+01 1.909800e-125 4.329265e-126 
 1.051000e+01 1.538586e-125 2.470750e-126 
 1.052000e+01 1.158741e-125 1.283593e-126 
 1.053000e+01 8.270120e-126 5.659639e-127 
 1.054000e+01 5.626136e-126 1.607203e-127 
 1.055000e+01 3.649865e-126 -4.673989e-128 
 1.056000e+01 2.247681e-126 -1.354916e-127 
 1.057000e+01 1.299274e-126 -1.576710e-127 
 1.058000e+01 6.881638e-127 -1.462462e-127 
 1.059000e+01 3.149161e-127 -1.210155e-127 
 1.060000e+01 1.013175e-127 -9.297320e-128 
 1.061000e+01 -1.025793e-128 -6.749766e-128 
 1.062000e+01 -5.998337e-128 -4.665497e-128 
 1.063000e+01 -7.458101e-128 -3.075166e-128 
 1.064000e+01 -7.106837e-128 -1.927211e-128 
 1.065000e+01 -5.974662e-128 -1.138989e-128 
 1.066000e+01 -4.641778e-128 -6.234579e-129 
 1.067000e+01 -3.400100e-128 -3.029066e-129 
 1.068000e+01 -2.369097e-128 -1.149188e-129 
 1.069000e+01 -1.574252e-128 -1.306225e-130 
 1.070000e+01 -9.955741e-129 3.540696e-130 
 1.071000e+01 -5.949453e-129 5.271618e-130 
 1.072000e+01 -3.306491e-129 5.338503e-130 
 1.073000e+01 -1.647695e-129 4.639675e-130 
 1.074000e+01 -6.641520e-130 3.689494e-130 
 1.075000e+01 -1.229904e-130 2.753581e-130 
 1.076000e+01 1.417476e-130 1.949898e-130 
 1.077000e+01 2.434566e-130 1.315437e-130 
 1.078000e+01 2.565684e-130 8.453717e-131 
 1.079000e+01 2.275031e-130 5.152650e-131 
 1.080000e+01 1.832494e-130 2.943113e-131 
 1.081000e+01 1.380891e-130 1.531584e-131 
 1.082000e+01 9.860725e-131 6.756452e-132 
 1.083000e+01 6.706908e-131 1.908499e-132 
 1.084000e+01 4.347670e-131 -5.693430e-133 
 1.085000e+01 2.676016e-131 -1.620079e-132 
 1.086000e+01 1.547537e-131 -1.877267e-132 
 1.087000e+01 8.206039e-132 -1.740069e-132 
 1.088000e+01 3.757226e-132 -1.441866e-132 
 1.089000e+01 1.205330e-132 -1.109260e-132 
 1.090000e+01 -1.269388e-133 -8.051933e-133 
 1.091000e+01 -7.173914e-133 -5.557590e-133 
 1.092000e+01 -8.885816e-133 -3.659096e-133 
 1.093000e+01 -8.459792e-133 -2.294515e-133 
 1.094000e+01 -7.117945e-133 -1.358689e-133 
 1.095000e+01 -5.535790e-133 -7.445563e-134 
 1.096000e+01 -4.055206e-133 -3.609910e-134 
 1.097000e+01 -2.822842e-133 -1.360360e-134 
 1.098000e+01 -1.874041e-133 -1.494002e-135 
 1.099000e+01 -1.185422e-133 4.218524e-135 
 1.100000e+01 -7.093208e-134 6.257908e-135 
 1.101000e+01 -3.946025e-134 6.353083e-135 
 1.102000e+01 -1.964174e-134 5.537810e-135 
 1.103000e+01 -7.882841e-135 4.406153e-135 
 1.104000e+01 -1.439276e-135 3.282198e-135 
 1.105000e+01 1.692741e-135 2.319413e-135 
 1.106000e+01 2.893663e-135 1.564856e-135 
 1.107000e+01 3.053669e-135 1.007982e-135 
 1.108000e+01 2.713692e-135 6.156298e-136 
 1.109000e+01 2.187313e-135 3.512645e-136 
 1.110000e+01 1.646291e-135 1.819756e-136 
 1.111000e+01 1.173706e-135 7.990461e-137 
 1.112000e+01 7.981380e-136 2.262116e-137 
 1.113000e+01 5.181586e-136 -6.600398e-138 
 1.114000e+01 3.194484e-136 -1.917992e-137 
 1.115000e+01 1.846656e-136 -2.241016e-137 
 1.116000e+01 9.762871e-137 -2.082526e-137 
 1.117000e+01 4.453845e-137 -1.721281e-137 
 1.118000e+01 1.428813e-137 -1.319166e-137 
 1.119000e+01 -1.461422e-138 -9.565772e-138 
 1.120000e+01 -8.500612e-138 -6.620239e-138 
 1.121000e+01 -1.059700e-137 -4.373559e-138 
 1.122000e+01 -1.011310e-137 -2.742734e-138 
 1.123000e+01 -8.496651e-138 -1.617270e-138 
 1.124000e+01 -6.589289e-138 -8.820575e-139 
 1.125000e+01 -4.821401e-138 -4.280480e-139 
 1.126000e+01 -3.361660e-138 -1.632260e-139 
 1.127000e+01 -2.237492e-138 -1.920913e-140 
 1.128000e+01 -1.416059e-138 5.020966e-140 
 1.129000e+01 -8.450522e-139 7.529770e-140 
 1.130000e+01 -4.683905e-139 7.615065e-140 
 1.131000e+01 -2.330748e-139 6.588142e-140 
 1.132000e+01 -9.417739e-140 5.223052e-140 
 1.133000e+01 -1.765179e-140 3.901825e-140 
 1.134000e+01 2.009462e-140 2.772450e-140 
 1.135000e+01 3.472404e-140 1.874158e-140 
 1.136000e+01 3.657182e-140 1.202291e-140 
 1.137000e+01 3.232233e-140 7.297819e-141 
 1.138000e+01 2.596845e-140 4.159762e-141 
 1.139000e+01 1.957390e-140 2.172140e-141 
 1.140000e+01 1.401060e-140 9.654526e-142 
 1.141000e+01 9.546566e-141 2.737873e-142 
 1.142000e+01 6.183030e-141 -8.352277e-143 
 1.143000e+01 3.794522e-141 -2.335178e-142 
 1.144000e+01 2.189964e-141 -2.674211e-142 
 1.145000e+01 1.163191e-141 -2.459469e-142 
 1.146000e+01 5.351785e-142 -2.037311e-142 
 1.147000e+01 1.722083e-142 -1.575296e-142 
 1.148000e+01 -1.887193e-143 -1.148529e-142 
 1.149000e+01 -1.031882e-142 -7.921158e-143 
 1.150000e+01 -1.266384e-142 -5.188997e-143 
 1.151000e+01 -1.197922e-142 -3.241655e-143 
 1.152000e+01 -1.006843e-142 -1.924064e-143 
 1.153000e+01 -7.856664e-143 -1.061854e-143 
 1.154000e+01 -5.775879e-143 -5.166638e-144 
 1.155000e+01 -4.020941e-143 -1.922544e-144 
 1.156000e+01 -2.660426e-143 -1.817823e-145 
 1.157000e+01 -1.677513e-143 6.137743e-145 
 1.158000e+01 -1.004625e-143 8.828153e-145 
 1.159000e+01 -5.614895e-144 8.919968e-145 
 1.160000e+01 -2.803692e-144 7.836373e-145 
 1.161000e+01 -1.117506e-144 6.290852e-145 
 1.162000e+01 -1.934662e-145 4.693199e-145 
 1.163000e+01 2.468586e-145 3.296195e-145 
 1.164000e+01 4.096994e-145 2.209462e-145 
 1.165000e+01 4.299653e-145 1.424328e-145 
 1.166000e+01 3.839479e-145 8.768107e-146 
 1.167000e+01 3.116114e-145 5.032919e-146 
 1.168000e+01 2.350357e-145 2.590490e-146 
 1.169000e+01 1.669298e-145 1.111952e-146 
 1.170000e+01 1.129422e-145 3.032255e-147 
 1.171000e+01 7.328940e-146 -9.358362e-148 
 1.172000e+01 4.541183e-146 -2.638409e-147 
 1.173000e+01 2.637826e-146 -3.136222e-147 
 1.174000e+01 1.390062e-146 -2.972208e-147 
 1.175000e+01 6.248646e-147 -2.474007e-147 
 1.176000e+01 1.956677e-147 -1.882500e-147 
 1.177000e+01 -2.160854e-148 -1.350089e-147 
 1.178000e+01 -1.178656e-147 -9.322929e-148 
 1.179000e+01 -1.485239e-147 -6.215380e-148 
 1.180000e+01 -1.438772e-147 -3.936537e-148 
 1.181000e+01 -1.217196e-147 -2.314849e-148 
 1.182000e+01 -9.403292e-148 -1.239374e-148 
 1.183000e+01 -6.824857e-148 -5.896828e-149 
 1.184000e+01 -4.744655e-148 -2.271368e-149 
 1.185000e+01 -3.175394e-148 -3.308715e-150 
 1.186000e+01 -2.024752e-148 6.595460e-150 
 1.187000e+01 -1.207731e-148 1.067191e-149 
 1.188000e+01 -6.613434e-149 1.104733e-149 
 1.189000e+01 -3.241440e-149 9.485835e-150 
 1.190000e+01 -1.312543e-149 7.377675e-150 
 1.191000e+01 -2.676569e-150 5.464497e-150 
 1.192000e+01 2.646527e-150 3.922209e-150 
 1.193000e+01 4.896781e-150 2.694179e-150 
 1.194000e+01 5.269247e-150 1.732695e-150 
 1.195000e+01 4.644782e-150 1.032944e-150 
 1.196000e+01 3.681773e-150 5.750840e-151 
 1.197000e+01 2.753268e-150 3.005417e-151 
 1.198000e+01 1.981513e-150 1.397859e-151 
 1.199000e+01 1.365945e-150 4.395726e-152 
 1.200000e+01 8.878926e-151 -1.037896e-152 
 1.201000e+01 5.387454e-151 -3.468500e-152 
 1.202000e+01 3.054870e-151 -3.940413e-152 
 1.203000e+01 1.617204e-151 -3.492421e-152 
 1.204000e+01 7.648356e-152 -2.826915e-152 
 1.205000e+01 2.627407e-152 -2.206861e-152 
 1.206000e+01 -1.928532e-153 -1.651108e-152 
 1.207000e+01 -1.507511e-152 -1.152296e-152 
 1.208000e+01 -1.852627e-152 -7.420628e-153 
 1.209000e+01 -1.708222e-152 -4.491425e-153 
 1.210000e+01 -1.408425e-152 -2.638589e-153 
 1.211000e+01 -1.103055e-152 -1.505469e-153 
 1.212000e+01 -8.257272e-153 -7.745167e-154 
 1.213000e+01 -5.811176e-153 -2.954204e-154 
 1.214000e+01 -3.807556e-153 -1.884427e-155 
 1.215000e+01 -2.346441e-153 1.006529e-154 
 1.216000e+01 -1.389351e-153 1.285243e-154 
 1.217000e+01 -7.916304e-154 1.216941e-154 
 1.218000e+01 -4.114741e-154 1.073237e-154 
 1.219000e+01 -1.681681e-154 8.995419e-155 
 1.220000e+01 -2.636323e-155 6.913928e-155 
 1.221000e+01 3.977823e-155 4.795191e-155 
 1.222000e+01 5.985183e-155 3.078773e-155 
 1.223000e+01 5.958326e-155 1.931497e-155 
 1.224000e+01 5.301172e-155 1.219748e-155 
 1.225000e+01 4.429875e-155 7.415921e-156 
 1.226000e+01 3.424861e-155 3.928911e-156 
 1.227000e+01 2.420571e-155 1.582249e-156 
 1.228000e+01 1.589312e-155 3.183598e-157 
 1.229000e+01 1.007069e-155 -1.869354e-157 
 1.230000e+01 6.316276e-156 -3.451324e-157 
 1.231000e+01 3.820747e-156 -4.029903e-157 
 1.232000e+01 2.069675e-156 -4.153746e-157 
 1.233000e+01 9.011975e-157 -3.702683e-157 
 1.234000e+01 2.416975e-157 -2.820949e-157 
 1.235000e+01 -5.344394e-158 -1.910328e-157 
 1.236000e+01 -1.600711e-157 -1.248706e-157 
 1.237000e+01 -1.956267e-157 -8.429453e-158 
 1.238000e+01 -2.003139e-157 -5.710908e-158 
 1.239000e+01 -1.789961e-157 -3.522766e-158 
 1.240000e+01 -1.394198e-157 -1.819490e-158 
 1.241000e+01 -9.739974e-158 -7.568684e-159 
 1.242000e+01 -6.481593e-158 -2.562520e-159 
 1.243000e+01 -4.337779e-158 -5.537772e-160 
 1.244000e+01 -2.893667e-158 5.480371e-160 
 1.245000e+01 -1.797881e-158 1.348447e-159 
 1.246000e+01 -9.702750e-159 1.678759e-159 
 1.247000e+01 -4.370833e-159 1.498751e-159 
 1.248000e+01 -1.611500e-159 1.083483e-159 
 1.249000e+01 -3.793188e-160 7.248128e-160 
 1.250000e+01 2.426633e-160 5.119663e-160 
 1.251000e+01 6.226581e-160 3.814204e-160 
 1.252000e+01 7.782705e-160 2.652687e-160 
 1.253000e+01 7.162169e-160 1.563116e-160 
 1.254000e+01 5.424023e-160 7.716339e-161 
 1.255000e+01 3.757005e-160 3.583138e-161 
 1.256000e+01 2.637831e-160 1.875970e-161 
 1.257000e+01 1.911908e-160 9.268584e-162 
 1.258000e+01 1.322494e-160 7.909888e-163 
 1.259000e+01 8.056737e-161 -5.194381e-162 
 1.260000e+01 4.236928e-161 -6.907740e-162 
 1.261000e+01 2.052472e-161 -5.602678e-162 
 1.262000e+01 1.020942e-161 -3.768866e-162 
 1.263000e+01 4.699707e-162 -2.707747e-162 
 1.264000e+01 6.218252e-163 -2.231564e-162 
 1.265000e+01 -2.130170e-162 -1.769169e-162 
 1.266000e+01 -3.088101e-162 -1.167337e-162 
 1.267000e+01 -2.707908e-162 -6.274897e-163 
 1.268000e+01 -1.951644e-162 -3.130308e-163 
 1.269000e+01 -1.412927e-162 -1.877799e-163 
 1.270000e+01 -1.113142e-162 -1.284860e-163 
 1.271000e+01 -8.623721e-163 -6.614030e-164 
 1.272000e+01 -5.838448e-163 -7.253613e-165 
 1.273000e+01 -3.350149e-163 2.371103e-164 
 1.274000e+01 -1.765542e-163 2.595818e-164 
 1.275000e+01 -1.011505e-163 1.727866e-164 
 1.276000e+01 -6.354875e-164 1.177651e-164 
 1.277000e+01 -3.287770e-164 1.100671e-164 
 1.278000e+01 -6.406741e-165 1.050716e-164 
 1.279000e+01 8.609384e-165 7.943874e-165 
 1.280000e+01 1.156167e-164 4.570312e-165 
 1.281000e+01 8.863665e-165 2.264395e-165 
 1.282000e+01 6.390340e-165 1.378989e-165 
 1.283000e+01 5.534389e-165 1.110743e-165 
 1.284000e+01 4.996959e-165 7.754956e-166 
 1.285000e+01 3.837325e-165 3.228147e-166 
 1.286000e+01 2.372185e-165 -4.599849e-168 
 1.287000e+01 1.280313e-165 -1.019458e-166 
 1.288000e+01 7.585841e-166 -6.814311e-167 
 1.289000e+01 5.467763e-166 -3.365838e-167 
 1.290000e+01 3.701298e-166 -3.868897e-167 
 1.291000e+01 1.713814e-166 -5.350323e-167 
 1.292000e+01 2.236495e-167 -4.998578e-167 
 1.293000e+01 -3.534293e-167 -3.138903e-167 
 1.294000e+01 -3.302342e-167 -1.476636e-167 
 1.295000e+01 -2.107859e-167 -8.148590e-168 
 1.296000e+01 -2.063993e-167 -7.524840e-168 
 1.297000e+01 -2.471275e-167 -6.640775e-168 
 1.298000e+01 -2.306418e-167 -3.838122e-168 
 1.299000e+01 -1.566388e-167 -1.007914e-168 
 1.300000e+01 -8.399601e-168 2.633663e-169 
 1.301000e+01 -4.750805e-168 2.342653e-169 
 1.302000e+01 -3.744200e-168 -3.912027e-170 
 1.303000e+01 -3.080728e-168 -5.617514e-171 
 1.304000e+01 -1.879715e-168 1.984515e-169 
 1.305000e+01 -6.607706e-169 2.879725e-169 
 1.306000e+01 -1.647906e-170 2.101867e-169 
 1.307000e+01 8.229154e-170 9.283629e-170 
 1.308000e+01 1.273409e-170 3.756997e-170 
 1.309000e+01 1.859230e-170 3.946355e-170 
 1.310000e+01 8.804774e-170 4.709336e-170 
 1.311000e+01 1.243776e-169 3.500310e-170 
 1.312000e+01 9.883779e-170 1.381772e-170 
 1.313000e+01 5.237493e-170 7.426535e-172 
 1.314000e+01 2.520180e-170 -9.659145e-172 
 1.315000e+01 2.061666e-170 1.399756e-171 
 1.316000e+01 2.128254e-170 1.783617e-171 
 1.317000e+01 1.621372e-170 1.167587e-173 
 1.318000e+01 7.620716e-171 -1.435966e-171 
 1.319000e+01 1.621165e-171 -1.400300e-171 
 1.320000e+01 2.898867e-173 -6.148927e-172 
 1.321000e+01 5.058125e-172 -1.110474e-172 
 1.322000e+01 6.337708e-172 -1.185914e-172 
 1.323000e+01 1.973374e-173 -2.739726e-172 
 1.324000e+01 -5.539975e-172 -2.761894e-172 
 1.325000e+01 -6.042642e-172 -1.412934e-172 
 1.326000e+01 -3.295890e-172 -2.244396e-173 
 1.327000e+01 -1.119237e-172 8.453835e-174 
 1.328000e+01 -7.864758e-173 -1.044521e-173 
 1.329000e+01 -1.207572e-172 -2.158476e-173 
 1.330000e+01 -1.211419e-172 -1.045706e-173 
 1.331000e+01 -7.061830e-173 4.842154e-174 
 1.332000e+01 -2.051541e-173 9.263162e-174 
 1.333000e+01 -1.711627e-174 4.667655e-174 
 1.334000e+01 -4.686172e-174 -7.310650e-178 
 1.335000e+01 -8.236273e-174 -5.409647e-175 
 1.336000e+01 -4.542439e-174 1.103201e-174 
 1.337000e+01 1.293065e-174 1.922197e-174 
 1.338000e+01 3.559037e-174 1.278627e-174 
 1.339000e+01 2.241430e-174 3.008299e-175 
 1.340000e+01 4.407333e-175 -9.786989e-176 
 1.341000e+01 -2.095722e-177 2.167749e-176 
 1.342000e+01 4.773851e-175 1.801607e-175 
 1.343000e+01 7.916602e-175 1.442111e-175 
 1.344000e+01 5.870503e-175 1.247817e-176 
 1.345000e+01 2.078369e-175 -5.851845e-176 
 1.346000e+01 1.073047e-176 -4.055889e-176 
 1.347000e+01 1.862479e-176 5.735244e-178 
 1.348000e+01 6.873588e-176 1.331453e-176 
 1.349000e+01 5.964419e-176 6.731095e-178 
 1.350000e+01 1.178775e-176 -1.136698e-176 
 1.351000e+01 -1.915184e-176 -1.066986e-176 
 1.352000e+01 -1.698987e-176 -3.476712e-177 
 1.353000e+01 -2.572992e-177 9.322100e-178 
 1.354000e+01 3.669042e-177 5.787707e-178 
 1.355000e+01 1.897817e-178 -1.132121e-177 
 1.356000e+01 -4.284214e-177 -1.436850e-177 
 1.357000e+01 -4.503825e-177 -4.926409e-178 
 1.358000e+01 -1.969609e-177 3.161733e-178 
 1.359000e+01 -6.474755e-179 3.700042e-178 
 1.360000e+01 1.068701e-178 4.338243e-179 
 1.361000e+01 -4.212517e-178 -1.418338e-178 
 1.362000e+01 -5.677488e-178 -7.709586e-179 
 1.363000e+01 -2.482134e-178 4.806966e-179 
 1.364000e+01 7.591487e-179 8.226354e-179 
 1.365000e+01 1.373792e-178 3.747271e-179 
 1.366000e+01 3.369833e-179 -6.101656e-180 
 1.367000e+01 -4.257730e-179 -1.106764e-179 
 1.368000e+01 -2.978845e-179 4.134851e-180 
 1.369000e+01 1.469203e-179 1.195556e-179 
 1.370000e+01 3.172158e-179 6.825593e-180 
 1.371000e+01 1.811119e-179 -9.162263e-181 
 1.372000e+01 1.091644e-180 -3.236037e-180 
 1.373000e+01 -3.045664e-180 -1.060850e-180 
 1.374000e+01 1.417957e-180 1.065956e-180 
 1.375000e+01 4.488755e-180 1.075026e-180 
 1.376000e+01 3.001356e-180 1.538099e-182 
 1.377000e+01 9.853980e-182 -5.717042e-181 
 1.378000e+01 -1.086201e-180 -3.791968e-181 
 1.379000e+01 -4.968459e-181 8.597077e-183 
 1.380000e+01 3.027128e-181 1.302732e-181 
 1.381000e+01 4.026111e-181 2.017458e-182 
 1.382000e+01 4.917584e-182 -8.351822e-182 
 1.383000e+01 -1.972208e-181 -7.348483e-182 
 1.384000e+01 -1.613744e-181 -9.318413e-183 
 1.385000e+01 -2.259145e-182 2.530192e-182 
 1.386000e+01 3.785530e-182 1.550505e-182 
 1.387000e+01 8.880737e-183 -5.128530e-183 
 1.388000e+01 -2.925389e-182 -1.076650e-182 
 1.389000e+01 -2.977105e-182 -3.476056e-183 
 1.390000e+01 -7.317369e-183 3.331101e-183 
 1.391000e+01 7.607184e-183 3.573566e-183 
 1.392000e+01 6.195065e-183 5.070460e-184 
 1.393000e+01 -1.032233e-183 -1.200534e-183 
 1.394000e+01 -3.846586e-183 -6.372988e-184 
 1.395000e+01 -1.672662e-183 4.404571e-184 
 1.396000e+01 9.519457e-184 6.803627e-184 
 1.397000e+01 1.370489e-183 2.319225e-184 
 1.398000e+01 3.709899e-184 -1.615634e-184 
 1.399000e+01 -3.428142e-184 -1.767033e-184 
 1.400000e+01 -2.433951e-184 -5.602895e-186 
 1.401000e+01 1.333673e-184 8.793970e-185 
 1.402000e+01 2.575494e-184 5.288200e-185 
 1.403000e+01 1.153317e-184 -1.221453e-185 
 1.404000e+01 -3.957093e-185 -3.093297e-185 
 1.405000e+01 -6.491812e-185 -1.038488e-185 
 1.406000e+01 -9.577194e-186 8.829392e-186 
 1.407000e+01 2.933404e-185 8.691145e-186 
 1.408000e+01 2.202441e-185 -7.335505e-187 
 1.409000e+01 -1.368227e-186 -5.486665e-186 
 1.410000e+01 -1.081113e-185 -3.170265e-186 
 1.411000e+01 -4.991798e-186 6.176668e-187 
 1.412000e+01 2.305806e-186 1.686787e-186 
 1.413000e+01 3.168497e-186 5.183434e-187 
 1.414000e+01 5.902770e-188 -5.786931e-187 
 1.415000e+01 -1.932712e-186 -5.826334e-187 
 1.416000e+01 -1.359694e-186 -4.938927e-188 
 1.417000e+01 2.955714e-188 2.398748e-187 
 1.418000e+01 5.778176e-187 1.411872e-187 
 1.419000e+01 2.472761e-187 -4.494135e-188 
 1.420000e+01 -1.702466e-187 -9.090007e-188 
 1.421000e+01 -2.233247e-187 -2.229138e-188 
 1.422000e+01 -4.623514e-188 3.708292e-188 
 1.423000e+01 7.583242e-188 3.458443e-188 
 1.424000e+01 5.772445e-188 3.125106e-189 
 1.425000e+01 -8.033469e-189 -1.362805e-188 
 1.426000e+01 -3.177425e-188 -8.112966e-189 
 1.427000e+01 -1.112254e-188 2.531601e-189 
 1.428000e+01 1.174647e-188 5.388055e-189 
 1.429000e+01 1.358632e-188 1.739919e-189 
 1.430000e+01 2.881625e-189 -1.572453e-189 
 1.431000e+01 -4.280169e-189 -1.575612e-189 
 1.432000e+01 -3.305696e-189 -4.477467e-192 
 1.433000e+01 4.675133e-190 7.927225e-190 
 1.434000e+01 1.920075e-189 4.228211e-190 
 1.435000e+01 8.480384e-190 -1.782654e-190 
 1.436000e+01 -4.252712e-190 -3.230630e-190 
 1.437000e+01 -5.882043e-190 -1.046063e-190 
 1.438000e+01 -7.235723e-191 8.886508e-191 
 1.439000e+01 2.627938e-190 9.213522e-191 
 1.440000e+01 1.758047e-190 3.958428e-192 
 1.441000e+01 -4.180707e-191 -4.292619e-191 
 1.442000e+01 -1.180516e-190 -2.490240e-191 
 1.443000e+01 -5.166923e-191 7.138019e-192 
 1.444000e+01 2.368620e-191 1.522249e-191 
 1.445000e+01 3.450280e-191 3.999785e-192 
 1.446000e+01 5.643907e-192 -5.701251e-192 
 1.447000e+01 -1.406612e-191 -5.179677e-192 
 1.448000e+01 -1.035521e-191 -4.629162e-195 
 1.449000e+01 1.100203e-192 2.601439e-192 
 1.450000e+01 5.308024e-192 1.503878e-192 
 1.451000e+01 1.994364e-192 -3.674668e-193 
 1.452000e+01 -1.727763e-192 -8.703775e-193 
 1.453000e+01 -1.992747e-192 -2.635880e-193 
 1.454000e+01 -2.379416e-193 2.847222e-193 
 1.455000e+01 8.768045e-193 2.766567e-193 
 1.456000e+01 6.346160e-193 7.898510e-195 
 1.457000e+01 -4.299206e-194 -1.281061e-193 
 1.458000e+01 -3.031467e-193 -6.825871e-194 
 1.459000e+01 -1.283520e-193 2.961573e-194 
 1.460000e+01 8.157322e-194 5.154984e-194 
 1.461000e+01 1.051482e-193 1.431080e-194 
 1.462000e+01 1.601346e-194 -1.728780e-194 
 1.463000e+01 -4.165213e-194 -1.664765e-194 
 1.464000e+01 -2.826569e-194 -1.105574e-195 
 1.465000e+01 6.912202e-195 7.011674e-195 
 1.466000e+01 1.867360e-194 4.025826e-195 
 1.467000e+01 7.225342e-195 -1.321109e-195 
 1.468000e+01 -5.108099e-195 -2.632329e-195 
 1.469000e+01 -6.421856e-195 -7.236450e-196 
 1.470000e+01 -1.220680e-195 9.071458e-196 
 1.471000e+01 2.240039e-195 8.250626e-196 
 1.472000e+01 1.659623e-195 -2.275004e-197 
 1.473000e+01 -2.441403e-196 -4.348914e-196 
 1.474000e+01 -9.314663e-196 -2.361855e-196 
 1.475000e+01 -3.633217e-196 7.820223e-197 
 1.476000e+01 2.654463e-196 1.559034e-196 
 1.477000e+01 3.142192e-196 4.813565e-197 
 1.478000e+01 2.896601e-197 -4.645146e-197 
 1.479000e+01 -1.473255e-196 -4.563046e-197 
 1.480000e+01 -1.000052e-196 -7.150986e-199 
 1.481000e+01 1.457856e-197 2.182154e-197 
 1.482000e+01 5.577961e-197 1.164153e-197 
 1.483000e+01 2.383039e-197 -4.690007e-198 
 1.484000e+01 -1.279510e-197 -8.265170e-198 
 1.485000e+01 -1.720254e-197 -2.078560e-198 
 1.486000e+01 -2.394004e-198 3.033603e-198 
 1.487000e+01 7.166118e-198 2.757669e-198 
 1.488000e+01 4.862851e-198 8.776612e-200 
 1.489000e+01 -1.017197e-198 -1.253173e-198 
 1.490000e+01 -2.960122e-198 -7.115949e-199 
 1.491000e+01 -1.067623e-198 2.091547e-199 
 1.492000e+01 9.236881e-199 4.360374e-199 
 1.493000e+01 1.070849e-198 1.180069e-199 
 1.494000e+01 1.657309e-199 -1.529019e-199 
 1.495000e+01 -4.112639e-199 -1.376066e-199 
 1.496000e+01 -2.980149e-199 3.620855e-201 
 1.497000e+01 3.290217e-200 7.081312e-200 
 1.498000e+01 1.529172e-199 3.675933e-200 
 1.499000e+01 5.931018e-200 -1.506280e-200 
 1.500000e+01 -4.500253e-200 -2.665637e-200 
