Vs and Nu of the material
1501 0.0
-3.904965e-04 0.000000e+00
-4.491143e-04 0.000000e+00
-5.158966e-04 0.000000e+00
-5.918799e-04 0.000000e+00
-6.782171e-04 0.000000e+00
-7.761887e-04 0.000000e+00
-8.872138e-04 0.000000e+00
-1.012863e-03 0.000000e+00
-1.154872e-03 0.000000e+00
-1.315153e-03 0.000000e+00
-1.495812e-03 0.000000e+00
-1.699165e-03 0.000000e+00
-1.927747e-03 0.000000e+00
-2.184338e-03 0.000000e+00
-2.471972e-03 0.000000e+00
-2.793959e-03 0.000000e+00
-3.153902e-03 0.000000e+00
-3.555713e-03 0.000000e+00
-4.003632e-03 0.000000e+00
-4.502247e-03 0.000000e+00
-5.056509e-03 0.000000e+00
-5.671749e-03 0.000000e+00
-6.353700e-03 0.000000e+00
-7.108504e-03 0.000000e+00
-7.942735e-03 0.000000e+00
-8.863405e-03 0.000000e+00
-9.877979e-03 0.000000e+00
-1.099438e-02 0.000000e+00
-1.222101e-02 0.000000e+00
-1.356673e-02 0.000000e+00
-1.504086e-02 0.000000e+00
-1.665322e-02 0.000000e+00
-1.841405e-02 0.000000e+00
-2.033406e-02 0.000000e+00
-2.242436e-02 0.000000e+00
-2.469649e-02 0.000000e+00
-2.716234e-02 0.000000e+00
-2.983413e-02 0.000000e+00
-3.272437e-02 0.000000e+00
-3.584579e-02 0.000000e+00
-3.921132e-02 0.000000e+00
-4.283395e-02 0.000000e+00
-4.672671e-02 0.000000e+00
-5.090256e-02 0.000000e+00
-5.537429e-02 0.000000e+00
-6.015439e-02 0.000000e+00
-6.525499e-02 0.000000e+00
-7.068765e-02 0.000000e+00
-7.646330e-02 0.000000e+00
-8.259201e-02 0.000000e+00
-8.908292e-02 0.000000e+00
-9.594399e-02 0.000000e+00
-1.031819e-01 0.000000e+00
-1.108017e-01 0.000000e+00
-1.188070e-01 0.000000e+00
-1.271992e-01 0.000000e+00
-1.359778e-01 0.000000e+00
-1.451399e-01 0.000000e+00
-1.546803e-01 0.000000e+00
-1.645908e-01 0.000000e+00
-1.748605e-01 0.000000e+00
-1.854752e-01 0.000000e+00
-1.964175e-01 0.000000e+00
-2.076665e-01 0.000000e+00
-2.191977e-01 0.000000e+00
-2.309825e-01 0.000000e+00
-2.429887e-01 0.000000e+00
-2.551798e-01 0.000000e+00
-2.675150e-01 0.000000e+00
-2.799496e-01 0.000000e+00
-2.924341e-01 0.000000e+00
-3.049152e-01 0.000000e+00
-3.173348e-01 0.000000e+00
-3.296309e-01 0.000000e+00
-3.417372e-01 0.000000e+00
-3.535833e-01 0.000000e+00
-3.650952e-01 0.000000e+00
-3.761950e-01 0.000000e+00
-3.868017e-01 0.000000e+00
-3.968309e-01 0.000000e+00
-4.061959e-01 0.000000e+00
-4.148075e-01 0.000000e+00
-4.225747e-01 0.000000e+00
-4.294054e-01 0.000000e+00
-4.352064e-01 0.000000e+00
-4.398845e-01 0.000000e+00
-4.433469e-01 0.000000e+00
-4.455021e-01 0.000000e+00
-4.462600e-01 0.000000e+00
-4.455335e-01 0.000000e+00
-4.432385e-01 0.000000e+00
-4.392950e-01 0.000000e+00
-4.336279e-01 0.000000e+00
-4.261677e-01 0.000000e+00
-4.168513e-01 0.000000e+00
-4.056229e-01 0.000000e+00
-3.924344e-01 0.000000e+00
-3.772466e-01 0.000000e+00
-3.600296e-01 0.000000e+00
-3.407638e-01 0.000000e+00
-3.194400e-01 0.000000e+00
-2.960603e-01 0.000000e+00
-2.706386e-01 0.000000e+00
-2.432012e-01 0.000000e+00
-2.137867e-01 0.000000e+00
-1.824464e-01 0.000000e+00
-1.492450e-01 0.000000e+00
-1.142600e-01 0.000000e+00
-7.758191e-02 0.000000e+00
-3.931440e-02 0.000000e+00
4.262705e-04 0.000000e+00
4.151142e-02 0.000000e+00
8.380044e-02 0.000000e+00
1.271413e-01 0.000000e+00
1.713713e-01 0.000000e+00
2.163178e-01 0.000000e+00
2.617990e-01 0.000000e+00
3.076250e-01 0.000000e+00
3.535988e-01 0.000000e+00
3.995175e-01 0.000000e+00
4.451736e-01 0.000000e+00
4.903561e-01 0.000000e+00
5.348518e-01 0.000000e+00
5.784470e-01 0.000000e+00
6.209286e-01 0.000000e+00
6.620858e-01 0.000000e+00
7.017113e-01 0.000000e+00
7.396029e-01 0.000000e+00
7.755651e-01 0.000000e+00
8.094101e-01 0.000000e+00
8.409595e-01 0.000000e+00
8.700457e-01 0.000000e+00
8.965126e-01 0.000000e+00
9.202174e-01 0.000000e+00
9.410315e-01 0.000000e+00
9.588411e-01 0.000000e+00
9.735485e-01 0.000000e+00
9.850728e-01 0.000000e+00
9.933503e-01 0.000000e+00
9.983353e-01 0.000000e+00
1.000000e+00 0.000000e+00
9.983353e-01 0.000000e+00
9.933503e-01 0.000000e+00
9.850728e-01 0.000000e+00
9.735485e-01 0.000000e+00
9.588411e-01 0.000000e+00
9.410315e-01 0.000000e+00
9.202174e-01 0.000000e+00
8.965126e-01 0.000000e+00
8.700457e-01 0.000000e+00
8.409595e-01 0.000000e+00
8.094101e-01 0.000000e+00
7.755651e-01 0.000000e+00
7.396029e-01 0.000000e+00
7.017113e-01 0.000000e+00
6.620858e-01 0.000000e+00
6.209286e-01 0.000000e+00
5.784470e-01 0.000000e+00
5.348518e-01 0.000000e+00
4.903561e-01 0.000000e+00
4.451736e-01 0.000000e+00
3.995175e-01 0.000000e+00
3.535988e-01 0.000000e+00
3.076250e-01 0.000000e+00
2.617990e-01 0.000000e+00
2.163178e-01 0.000000e+00
1.713713e-01 0.000000e+00
1.271413e-01 0.000000e+00
8.380044e-02 0.000000e+00
4.151142e-02 0.000000e+00
4.262705e-04 0.000000e+00
-3.931440e-02 0.000000e+00
-7.758191e-02 0.000000e+00
-1.142600e-01 0.000000e+00
-1.492450e-01 0.000000e+00
-1.824464e-01 0.000000e+00
-2.137867e-01 0.000000e+00
-2.432012e-01 0.000000e+00
-2.706386e-01 0.000000e+00
-2.960603e-01 0.000000e+00
-3.194400e-01 0.000000e+00
-3.407638e-01 0.000000e+00
-3.600296e-01 0.000000e+00
-3.772466e-01 0.000000e+00
-3.924344e-01 0.000000e+00
-4.056229e-01 0.000000e+00
-4.168513e-01 0.000000e+00
-4.261677e-01 0.000000e+00
-4.336279e-01 0.000000e+00
-4.392950e-01 0.000000e+00
-4.432385e-01 0.000000e+00
-4.455335e-01 0.000000e+00
-4.462600e-01 0.000000e+00
-4.455021e-01 0.000000e+00
-4.433469e-01 0.000000e+00
-4.398845e-01 0.000000e+00
-4.352064e-01 0.000000e+00
-4.294054e-01 0.000000e+00
-4.225747e-01 0.000000e+00
-4.148075e-01 0.000000e+00
-4.061959e-01 0.000000e+00
-3.968309e-01 0.000000e+00
-3.868017e-01 0.000000e+00
-3.761950e-01 0.000000e+00
-3.650952e-01 0.000000e+00
-3.535833e-01 0.000000e+00
-3.417372e-01 0.000000e+00
-3.296309e-01 0.000000e+00
-3.173348e-01 0.000000e+00
-3.049152e-01 0.000000e+00
-2.924341e-01 0.000000e+00
-2.799496e-01 0.000000e+00
-2.675150e-01 0.000000e+00
-2.551798e-01 0.000000e+00
-2.429887e-01 0.000000e+00
-2.309825e-01 0.000000e+00
-2.191977e-01 0.000000e+00
-2.076665e-01 0.000000e+00
-1.964175e-01 0.000000e+00
-1.854752e-01 0.000000e+00
-1.748605e-01 0.000000e+00
-1.645908e-01 0.000000e+00
-1.546803e-01 0.000000e+00
-1.451399e-01 0.000000e+00
-1.359778e-01 0.000000e+00
-1.271992e-01 0.000000e+00
-1.188070e-01 0.000000e+00
-1.108017e-01 0.000000e+00
-1.031819e-01 0.000000e+00
-9.594399e-02 0.000000e+00
-8.908292e-02 0.000000e+00
-8.259201e-02 0.000000e+00
-7.646330e-02 0.000000e+00
-7.068765e-02 0.000000e+00
-6.525499e-02 0.000000e+00
-6.015439e-02 0.000000e+00
-5.537429e-02 0.000000e+00
-5.090256e-02 0.000000e+00
-4.672671e-02 0.000000e+00
-4.283395e-02 0.000000e+00
-3.921132e-02 0.000000e+00
-3.584579e-02 0.000000e+00
-3.272437e-02 0.000000e+00
-2.983413e-02 0.000000e+00
-2.716234e-02 0.000000e+00
-2.469649e-02 0.000000e+00
-2.242436e-02 0.000000e+00
-2.033406e-02 0.000000e+00
-1.841405e-02 0.000000e+00
-1.665322e-02 0.000000e+00
-1.504086e-02 0.000000e+00
-1.356673e-02 0.000000e+00
-1.222101e-02 0.000000e+00
-1.099438e-02 0.000000e+00
-9.877979e-03 0.000000e+00
-8.863405e-03 0.000000e+00
-7.942735e-03 0.000000e+00
-7.108504e-03 0.000000e+00
-6.353700e-03 0.000000e+00
-5.671749e-03 0.000000e+00
-5.056509e-03 0.000000e+00
-4.502247e-03 0.000000e+00
-4.003632e-03 0.000000e+00
-3.555713e-03 0.000000e+00
-3.153902e-03 0.000000e+00
-2.793959e-03 0.000000e+00
-2.471972e-03 0.000000e+00
-2.184338e-03 0.000000e+00
-1.927747e-03 0.000000e+00
-1.699165e-03 0.000000e+00
-1.495812e-03 0.000000e+00
-1.315153e-03 0.000000e+00
-1.154872e-03 0.000000e+00
-1.012863e-03 0.000000e+00
-8.872138e-04 0.000000e+00
-7.761887e-04 0.000000e+00
-6.782171e-04 0.000000e+00
-5.918799e-04 0.000000e+00
-5.158966e-04 0.000000e+00
-4.491143e-04 0.000000e+00
-3.904965e-04 0.000000e+00
-3.391129e-04 0.000000e+00
-2.941299e-04 0.000000e+00
-2.548018e-04 0.000000e+00
-2.204626e-04 0.000000e+00
-1.905187e-04 0.000000e+00
-1.644413e-04 0.000000e+00
-1.417607e-04 0.000000e+00
-1.220598e-04 0.000000e+00
-1.049694e-04 0.000000e+00
-9.016256e-05 0.000000e+00
-7.735064e-05 0.000000e+00
-6.627908e-05 0.000000e+00
-5.672370e-05 0.000000e+00
-4.848738e-05 0.000000e+00
-4.139707e-05 0.000000e+00
-3.530106e-05 0.000000e+00
-3.006657e-05 0.000000e+00
-2.557752e-05 0.000000e+00
-2.173261e-05 0.000000e+00
-1.844357e-05 0.000000e+00
-1.563356e-05 0.000000e+00
-1.323584e-05 0.000000e+00
-1.119248e-05 0.000000e+00
-9.453283e-06 0.000000e+00
-7.974823e-06 0.000000e+00
-6.719577e-06 0.000000e+00
-5.655173e-06 0.000000e+00
-4.753716e-06 0.000000e+00
-3.991209e-06 0.000000e+00
-3.347034e-06 0.000000e+00
-2.803500e-06 0.000000e+00
-2.345449e-06 0.000000e+00
-1.959915e-06 0.000000e+00
-1.635816e-06 0.000000e+00
-1.363697e-06 0.000000e+00
-1.135503e-06 0.000000e+00
-9.443783e-07 0.000000e+00
-7.844967e-07 0.000000e+00
-6.509148e-07 0.000000e+00
-5.394429e-07 0.000000e+00
-4.465350e-07 0.000000e+00
-3.691938e-07 0.000000e+00
-3.048897e-07 0.000000e+00
-2.514900e-07 0.000000e+00
-2.071994e-07 0.000000e+00
-1.705088e-07 0.000000e+00
-1.401508e-07 0.000000e+00
-1.150630e-07 0.000000e+00
-9.435537e-08 0.000000e+00
-7.728394e-08 0.000000e+00
-6.322717e-08 0.000000e+00
-5.166666e-08 0.000000e+00
-4.217057e-08 0.000000e+00
-3.437963e-08 0.000000e+00
-2.799535e-08 0.000000e+00
-2.277005e-08 0.000000e+00
-1.849846e-08 0.000000e+00
-1.501070e-08 0.000000e+00
-1.216635e-08 0.000000e+00
-9.849493e-09 0.000000e+00
-7.964565e-09 0.000000e+00
-6.432875e-09 0.000000e+00
-5.189711e-09 0.000000e+00
-4.181927e-09 0.000000e+00
-3.365932e-09 0.000000e+00
-2.706013e-09 0.000000e+00
-2.172954e-09 0.000000e+00
-1.742879e-09 0.000000e+00
-1.396305e-09 0.000000e+00
-1.117352e-09 0.000000e+00
-8.930933e-10 0.000000e+00
-7.130180e-10 0.000000e+00
-5.685930e-10 0.000000e+00
-4.528975e-10 0.000000e+00
-3.603263e-10 0.000000e+00
-2.863452e-10 0.000000e+00
-2.272908e-10 0.000000e+00
-1.802072e-10 0.000000e+00
-1.427121e-10 0.000000e+00
-1.128881e-10 0.000000e+00
-8.919374e-11 0.000000e+00
-7.039138e-11 0.000000e+00
-5.548860e-11 0.000000e+00
-4.369054e-11 0.000000e+00
-3.436138e-11 0.000000e+00
-2.699314e-11 0.000000e+00
-2.118050e-11 0.000000e+00
-1.660041e-11 0.000000e+00
-1.299576e-11 0.000000e+00
-1.016214e-11 0.000000e+00
-7.937227e-12 0.000000e+00
-6.192318e-12 0.000000e+00
-4.825458e-12 0.000000e+00
-3.755993e-12 0.000000e+00
-2.920197e-12 0.000000e+00
-2.267779e-12 0.000000e+00
-1.759101e-12 0.000000e+00
-1.362958e-12 0.000000e+00
-1.054813e-12 0.000000e+00
-8.154001e-13 0.000000e+00
-6.296046e-13 0.000000e+00
-4.855871e-13 0.000000e+00
-3.740836e-13 0.000000e+00
-2.878542e-13 0.000000e+00
-2.212478e-13 0.000000e+00
-1.698588e-13 0.000000e+00
-1.302566e-13 0.000000e+00
-9.977336e-14 0.000000e+00
-7.633652e-14 0.000000e+00
-5.833824e-14 0.000000e+00
-4.453254e-14 0.000000e+00
-3.395511e-14 0.000000e+00
-2.586046e-14 0.000000e+00
-1.967302e-14 0.000000e+00
-1.494891e-14 0.000000e+00
-1.134624e-14 0.000000e+00
-8.601976e-15 0.000000e+00
-6.514013e-15 0.000000e+00
-4.927235e-15 0.000000e+00
-3.722736e-15 0.000000e+00
-2.809478e-15 0.000000e+00
-2.117842e-15 0.000000e+00
-1.594652e-15 0.000000e+00
-1.199342e-15 0.000000e+00
-9.010010e-16 0.000000e+00
-6.761021e-16 0.000000e+00
-5.067623e-16 0.000000e+00
-3.794036e-16 0.000000e+00
-2.837291e-16 0.000000e+00
-2.119394e-16 0.000000e+00
-1.581338e-16 0.000000e+00
-1.178538e-16 0.000000e+00
-8.773396e-17 0.000000e+00
-6.523756e-17 0.000000e+00
-4.845443e-17 0.000000e+00
-3.594804e-17 0.000000e+00
-2.663930e-17 0.000000e+00
-1.971862e-17 0.000000e+00
-1.457929e-17 0.000000e+00
-1.076719e-17 0.000000e+00
-7.942823e-18 0.000000e+00
-5.852665e-18 0.000000e+00
-4.307636e-18 0.000000e+00
-3.166875e-18 0.000000e+00
-2.325570e-18 0.000000e+00
-1.705826e-18 0.000000e+00
-1.249818e-18 0.000000e+00
-9.146727e-19 0.000000e+00
-6.686390e-19 0.000000e+00
-4.882302e-19 0.000000e+00
-3.560941e-19 0.000000e+00
-2.594252e-19 0.000000e+00
-1.887847e-19 0.000000e+00
-1.372235e-19 0.000000e+00
-9.963180e-20 0.000000e+00
-7.225615e-20 0.000000e+00
-5.234308e-20 0.000000e+00
-3.787488e-20 0.000000e+00
-2.737481e-20 0.000000e+00
-1.976326e-20 0.000000e+00
-1.425194e-20 0.000000e+00
-1.026590e-20 0.000000e+00
-7.386326e-21 0.000000e+00
-5.308451e-21 0.000000e+00
-3.810792e-21 0.000000e+00
-2.732567e-21 0.000000e+00
-1.957198e-21 0.000000e+00
-1.400254e-21 0.000000e+00
-1.000662e-21 0.000000e+00
-7.142928e-22 0.000000e+00
-5.093000e-22 0.000000e+00
-3.627268e-22 0.000000e+00
-2.580443e-22 0.000000e+00
-1.833655e-22 0.000000e+00
-1.301516e-22 0.000000e+00
-9.227635e-23 0.000000e+00
-6.534917e-23 0.000000e+00
-4.622731e-23 0.000000e+00
-3.266376e-23 0.000000e+00
-2.305381e-23 0.000000e+00
-1.625281e-23 0.000000e+00
-1.144519e-23 0.000000e+00
-8.050580e-24 0.000000e+00
-5.656403e-24 0.000000e+00
-3.969748e-24 0.000000e+00
-2.782882e-24 0.000000e+00
-1.948660e-24 0.000000e+00
-1.362971e-24 0.000000e+00
-9.522413e-25 0.000000e+00
-6.645334e-25 0.000000e+00
-4.632295e-25 0.000000e+00
-3.225413e-25 0.000000e+00
-2.243283e-25 0.000000e+00
-1.558449e-25 0.000000e+00
-1.081461e-25 0.000000e+00
-7.496167e-26 0.000000e+00
-5.190120e-26 0.000000e+00
-3.589430e-26 0.000000e+00
-2.479611e-26 0.000000e+00
-1.711007e-26 0.000000e+00
-1.179316e-26 0.000000e+00
-8.119297e-27 0.000000e+00
-5.583635e-27 0.000000e+00
-3.835534e-27 0.000000e+00
-2.631752e-27 0.000000e+00
-1.803742e-27 0.000000e+00
-1.234850e-27 0.000000e+00
-8.444313e-28 0.000000e+00
-5.767997e-28 0.000000e+00
-3.935466e-28 0.000000e+00
-2.682118e-28 0.000000e+00
-1.825871e-28 0.000000e+00
-1.241575e-28 0.000000e+00
-8.433087e-29 0.000000e+00
-5.721513e-29 0.000000e+00
-3.877447e-29 0.000000e+00
-2.624773e-29 0.000000e+00
-1.774796e-29 0.000000e+00
-1.198715e-29 0.000000e+00
-8.087128e-30 0.000000e+00
-5.449839e-30 0.000000e+00
-3.668462e-30 0.000000e+00
-2.466581e-30 0.000000e+00
-1.656601e-30 0.000000e+00
-1.111351e-30 0.000000e+00
-7.447251e-31 0.000000e+00
-4.984847e-31 0.000000e+00
-3.332874e-31 0.000000e+00
-2.225857e-31 0.000000e+00
-1.484864e-31 0.000000e+00
-9.894360e-32 0.000000e+00
-6.585670e-32 0.000000e+00
-4.378482e-32 0.000000e+00
-2.907761e-32 0.000000e+00
-1.928880e-32 0.000000e+00
-1.278095e-32 0.000000e+00
-8.459267e-33 0.000000e+00
-5.592601e-33 0.000000e+00
-3.693232e-33 0.000000e+00
-2.436188e-33 0.000000e+00
-1.605191e-33 0.000000e+00
-1.056464e-33 0.000000e+00
-6.945347e-34 0.000000e+00
-4.560843e-34 0.000000e+00
-2.991631e-34 0.000000e+00
-1.960121e-34 0.000000e+00
-1.282831e-34 0.000000e+00
-8.386253e-35 0.000000e+00
-5.476189e-35 0.000000e+00
-3.571912e-35 0.000000e+00
-2.327208e-35 0.000000e+00
-1.514543e-35 0.000000e+00
-9.845548e-36 0.000000e+00
-6.393083e-36 0.000000e+00
-4.146607e-36 0.000000e+00
-2.686505e-36 0.000000e+00
-1.738579e-36 0.000000e+00
-1.123863e-36 0.000000e+00
-7.256792e-37 0.000000e+00
-4.680456e-37 0.000000e+00
-3.015393e-37 0.000000e+00
-1.940492e-37 0.000000e+00
-1.247361e-37 0.000000e+00
-8.009124e-38 0.000000e+00
-5.136770e-38 0.000000e+00
-3.290846e-38 0.000000e+00
-2.105899e-38 0.000000e+00
-1.346108e-38 0.000000e+00
-8.594780e-39 0.000000e+00
-5.481535e-39 0.000000e+00
-3.492063e-39 0.000000e+00
-2.222156e-39 0.000000e+00
-1.412471e-39 0.000000e+00
-8.968037e-40 0.000000e+00
-5.687583e-40 0.000000e+00
-3.603054e-40 0.000000e+00
-2.279956e-40 0.000000e+00
-1.441102e-40 0.000000e+00
-9.098630e-41 0.000000e+00
-5.738124e-41 0.000000e+00
-3.614736e-41 0.000000e+00
-2.274553e-41 0.000000e+00
-1.429646e-41 0.000000e+00
-8.975812e-42 0.000000e+00
-5.629008e-42 0.000000e+00
-3.526167e-42 0.000000e+00
-2.206413e-42 0.000000e+00
-1.379062e-42 0.000000e+00
-8.609810e-43 0.000000e+00
-5.369285e-43 0.000000e+00
-3.344663e-43 0.000000e+00
-2.081140e-43 0.000000e+00
-1.293491e-43 0.000000e+00
-8.030423e-44 0.000000e+00
-4.979969e-44 0.000000e+00
-3.084807e-44 0.000000e+00
-1.908721e-44 0.000000e+00
-1.179696e-44 0.000000e+00
-7.283012e-45 0.000000e+00
-4.491228e-45 0.000000e+00
-2.766512e-45 0.000000e+00
-1.702210e-45 0.000000e+00
-1.046181e-45 0.000000e+00
-6.422648e-46 0.000000e+00
-3.938534e-46 0.000000e+00
-2.412506e-46 0.000000e+00
-1.476100e-46 0.000000e+00
-9.021449e-47 0.000000e+00
-5.507447e-47 0.000000e+00
-3.358441e-47 0.000000e+00
-2.045684e-47 0.000000e+00
-1.244666e-47 0.000000e+00
-7.564508e-48 0.000000e+00
-4.592213e-48 0.000000e+00
-2.784690e-48 0.000000e+00
-1.686729e-48 0.000000e+00
-1.020533e-48 0.000000e+00
-6.167691e-49 0.000000e+00
-3.723332e-49 0.000000e+00
-2.245197e-49 0.000000e+00
-1.352355e-49 0.000000e+00
-8.136559e-50 0.000000e+00
-4.889950e-50 0.000000e+00
-2.935498e-50 0.000000e+00
-1.760244e-50 0.000000e+00
-1.054332e-50 0.000000e+00
-6.308064e-51 0.000000e+00
-3.769887e-51 0.000000e+00
-2.250476e-51 0.000000e+00
-1.341944e-51 0.000000e+00
-7.992964e-52 0.000000e+00
-4.755491e-52 0.000000e+00
-2.826159e-52 0.000000e+00
-1.677690e-52 0.000000e+00
-9.948117e-53 0.000000e+00
-5.892286e-53 0.000000e+00
-3.486107e-53 0.000000e+00
-2.060210e-53 0.000000e+00
-1.216175e-53 0.000000e+00
-7.171250e-54 0.000000e+00
-4.223841e-54 0.000000e+00
-2.485044e-54 0.000000e+00
-1.460410e-54 0.000000e+00
-8.572934e-55 0.000000e+00
-5.026876e-55 0.000000e+00
-2.944293e-55 0.000000e+00
-1.722574e-55 0.000000e+00
-1.006674e-55 0.000000e+00
-5.876433e-56 0.000000e+00
-3.426517e-56 0.000000e+00
-1.995750e-56 0.000000e+00
-1.161111e-56 0.000000e+00
-6.747691e-57 0.000000e+00
-3.916976e-57 0.000000e+00
-2.271229e-57 0.000000e+00
-1.315482e-57 0.000000e+00
-7.610679e-58 0.000000e+00
-4.398211e-58 0.000000e+00
-2.538884e-58 0.000000e+00
-1.463942e-58 0.000000e+00
-8.431783e-59 0.000000e+00
-4.850976e-59 0.000000e+00
-2.787745e-59 0.000000e+00
-1.600263e-59 0.000000e+00
-9.175802e-60 0.000000e+00
-5.255464e-60 0.000000e+00
-3.006716e-60 0.000000e+00
-1.718257e-60 0.000000e+00
-9.808402e-61 0.000000e+00
-5.592716e-61 0.000000e+00
-3.185383e-61 0.000000e+00
-1.812237e-61 0.000000e+00
-1.029871e-61 0.000000e+00
-5.846085e-62 0.000000e+00
-3.314835e-62 0.000000e+00
-1.877470e-62 0.000000e+00
-1.062182e-62 0.000000e+00
-6.002594e-63 0.000000e+00
-3.388392e-63 0.000000e+00
-1.910570e-63 0.000000e+00
-1.076086e-63 0.000000e+00
-6.054038e-64 0.000000e+00
-3.402186e-64 0.000000e+00
-1.909790e-64 0.000000e+00
-1.070848e-64 0.000000e+00
-5.997696e-65 0.000000e+00
-3.355489e-65 0.000000e+00
-1.875175e-65 0.000000e+00
-1.046749e-65 0.000000e+00
-5.836569e-66 0.000000e+00
-3.250780e-66 0.000000e+00
-1.808557e-66 0.000000e+00
-1.005059e-66 0.000000e+00
-5.579118e-67 0.000000e+00
-3.093529e-67 0.000000e+00
-1.713396e-67 0.000000e+00
-9.479292e-68 0.000000e+00
-5.238523e-68 0.000000e+00
-2.891722e-68 0.000000e+00
-1.594480e-68 0.000000e+00
-8.782057e-69 0.000000e+00
-4.831570e-69 0.000000e+00
-2.655187e-69 0.000000e+00
-1.457528e-69 0.000000e+00
-7.991960e-70 0.000000e+00
-4.377283e-70 0.000000e+00
-2.394809e-70 0.000000e+00
-1.308736e-70 0.000000e+00
-7.144105e-71 0.000000e+00
-3.895459e-71 0.000000e+00
-2.121702e-71 0.000000e+00
-1.154317e-71 0.000000e+00
-6.273074e-72 0.000000e+00
-3.405264e-72 0.000000e+00
-1.846444e-72 0.000000e+00
-1.000084e-72 0.000000e+00
-5.410679e-73 0.000000e+00
-2.924031e-73 0.000000e+00
-1.578437e-73 0.000000e+00
-8.511134e-74 0.000000e+00
-4.584190e-74 0.000000e+00
-2.466339e-74 0.000000e+00
-1.325434e-74 0.000000e+00
-7.115055e-75 0.000000e+00
-3.815167e-75 0.000000e+00
-2.043449e-75 0.000000e+00
-1.093275e-75 0.000000e+00
-5.842647e-76 0.000000e+00
-3.118927e-76 0.000000e+00
-1.663090e-76 0.000000e+00
-8.858118e-77 0.000000e+00
-4.712836e-77 0.000000e+00
-2.504599e-77 0.000000e+00
-1.329564e-77 0.000000e+00
-7.050102e-78 0.000000e+00
-3.734192e-78 0.000000e+00
-1.975664e-78 0.000000e+00
-1.044106e-78 0.000000e+00
-5.511776e-79 0.000000e+00
-2.906387e-79 0.000000e+00
-1.530843e-79 0.000000e+00
-8.054211e-80 0.000000e+00
-4.232827e-80 0.000000e+00
-2.222047e-80 0.000000e+00
-1.165175e-80 0.000000e+00
-6.103016e-81 0.000000e+00
-3.193103e-81 0.000000e+00
-1.668771e-81 0.000000e+00
-8.711553e-82 0.000000e+00
-4.542656e-82 0.000000e+00
-2.366134e-82 0.000000e+00
-1.231074e-82 0.000000e+00
-6.397999e-83 0.000000e+00
-3.321388e-83 0.000000e+00
-1.722306e-83 0.000000e+00
-8.921056e-84 0.000000e+00
-4.615700e-84 0.000000e+00
-2.385472e-84 0.000000e+00
-1.231477e-84 0.000000e+00
-6.350291e-85 0.000000e+00
-3.270968e-85 0.000000e+00
-1.682962e-85 0.000000e+00
-8.649438e-86 0.000000e+00
-4.440345e-86 0.000000e+00
-2.276989e-86 0.000000e+00
-1.166328e-86 0.000000e+00
-5.967544e-87 0.000000e+00
-3.049903e-87 0.000000e+00
-1.557012e-87 0.000000e+00
-7.939867e-88 0.000000e+00
-4.044362e-88 0.000000e+00
-2.057795e-88 0.000000e+00
-1.045851e-88 0.000000e+00
-5.309492e-89 0.000000e+00
-2.692474e-89 0.000000e+00
-1.363847e-89 0.000000e+00
-6.900731e-90 0.000000e+00
-3.487708e-90 0.000000e+00
-1.760762e-90 0.000000e+00
-8.879258e-91 0.000000e+00
-4.472684e-91 0.000000e+00
-2.250481e-91 0.000000e+00
-1.131092e-91 0.000000e+00
-5.678531e-92 0.000000e+00
-2.847670e-92 0.000000e+00
-1.426458e-92 0.000000e+00
-7.137460e-93 0.000000e+00
-3.567336e-93 0.000000e+00
-1.780984e-93 0.000000e+00
-8.881605e-94 0.000000e+00
-4.424239e-94 0.000000e+00
-2.201412e-94 0.000000e+00
-1.094157e-94 0.000000e+00
-5.432171e-95 0.000000e+00
-2.693909e-95 0.000000e+00
-1.334468e-95 0.000000e+00
-6.603114e-96 0.000000e+00
-3.263662e-96 0.000000e+00
-1.611303e-96 0.000000e+00
-7.946298e-97 0.000000e+00
-3.914427e-97 0.000000e+00
-1.926137e-97 0.000000e+00
-9.467206e-98 0.000000e+00
-4.648065e-98 0.000000e+00
-2.279493e-98 0.000000e+00
-1.116657e-98 0.000000e+00
-5.464083e-99 0.000000e+00
-2.670732e-99 0.000000e+00
-1.303945e-99 0.000000e+00
-6.359218e-100 0.000000e+00
-3.097875e-100 0.000000e+00
-1.507440e-100 0.000000e+00
-7.327092e-101 0.000000e+00
-3.557452e-101 0.000000e+00
-1.725291e-101 0.000000e+00
-8.357977e-102 0.000000e+00
-4.044417e-102 0.000000e+00
-1.954908e-102 0.000000e+00
-9.438709e-103 0.000000e+00
-4.552129e-103 0.000000e+00
-2.192969e-103 0.000000e+00
-1.055276e-103 0.000000e+00
-5.072422e-104 0.000000e+00
-2.435457e-104 0.000000e+00
-1.168050e-104 0.000000e+00
-5.595750e-105 0.000000e+00
-2.677756e-105 0.000000e+00
-1.279969e-105 0.000000e+00
-6.111442e-106 0.000000e+00
-2.914767e-106 0.000000e+00
-1.388608e-106 0.000000e+00
-6.608023e-107 0.000000e+00
-3.141082e-107 0.000000e+00
-1.491430e-107 0.000000e+00
-7.073626e-108 0.000000e+00
-3.351177e-108 0.000000e+00
-1.585873e-108 0.000000e+00
-7.496448e-109 0.000000e+00
-3.539635e-109 0.000000e+00
-1.669465e-109 0.000000e+00
-7.865240e-110 0.000000e+00
-3.701371e-110 0.000000e+00
-1.739919e-110 0.000000e+00
-8.169802e-111 0.000000e+00
-3.831862e-111 0.000000e+00
-1.795247e-111 0.000000e+00
-8.401453e-112 0.000000e+00
-3.927359e-112 0.000000e+00
-1.833845e-112 0.000000e+00
-8.553438e-113 0.000000e+00
-3.985059e-113 0.000000e+00
-1.854576e-113 0.000000e+00
-8.621257e-114 0.000000e+00
-4.003248e-114 0.000000e+00
-1.856823e-114 0.000000e+00
-8.602888e-115 0.000000e+00
-3.981384e-115 0.000000e+00
-1.840517e-115 0.000000e+00
-8.498882e-116 0.000000e+00
-3.920122e-116 0.000000e+00
-1.806149e-116 0.000000e+00
-8.312341e-117 0.000000e+00
-3.821283e-117 0.000000e+00
-1.754733e-117 0.000000e+00
-8.048761e-118 0.000000e+00
-3.687763e-118 0.000000e+00
-1.687769e-118 0.000000e+00
-7.715765e-119 0.000000e+00
-3.523393e-119 0.000000e+00
-1.607160e-119 0.000000e+00
-7.322737e-120 0.000000e+00
-3.332757e-120 0.000000e+00
-1.515130e-120 0.000000e+00
-6.880380e-121 0.000000e+00
-3.120979e-121 0.000000e+00
-1.414117e-121 0.000000e+00
-6.400237e-122 0.000000e+00
-2.893495e-122 0.000000e+00
-1.306669e-122 0.000000e+00
-5.894196e-123 0.000000e+00
-2.655826e-123 0.000000e+00
-1.195338e-123 0.000000e+00
-5.374004e-124 0.000000e+00
-2.413356e-124 0.000000e+00
-1.082582e-124 0.000000e+00
-4.850835e-125 0.000000e+00
-2.171142e-125 0.000000e+00
-9.706802e-126 0.000000e+00
-4.334911e-126 0.000000e+00
-1.933750e-126 0.000000e+00
-8.616616e-127 0.000000e+00
-3.835211e-127 0.000000e+00
-1.705132e-127 0.000000e+00
-7.572560e-128 0.000000e+00
-3.359261e-128 0.000000e+00
-1.488541e-128 0.000000e+00
-6.588616e-129 0.000000e+00
-2.913022e-129 0.000000e+00
-1.286499e-129 0.000000e+00
-5.675333e-130 0.000000e+00
-2.500861e-130 0.000000e+00
-1.100788e-130 0.000000e+00
-4.839876e-131 0.000000e+00
-2.125597e-131 0.000000e+00
-9.324894e-132 0.000000e+00
-4.086232e-132 0.000000e+00
-1.788621e-132 0.000000e+00
-7.820419e-133 0.000000e+00
-3.415528e-133 0.000000e+00
-1.490054e-133 0.000000e+00
-6.493251e-134 0.000000e+00
-2.826433e-134 0.000000e+00
-1.228942e-134 0.000000e+00
-5.337532e-135 0.000000e+00
-2.315612e-135 0.000000e+00
-1.003477e-135 0.000000e+00
-4.343753e-136 0.000000e+00
-1.878189e-136 0.000000e+00
-8.112030e-137 0.000000e+00
-3.499743e-137 0.000000e+00
-1.508200e-137 0.000000e+00
-6.492295e-138 0.000000e+00
-2.791603e-138 0.000000e+00
-1.199017e-138 0.000000e+00
-5.144149e-139 0.000000e+00
-2.204539e-139 0.000000e+00
-9.437099e-140 0.000000e+00
-4.035297e-140 0.000000e+00
-1.723569e-140 0.000000e+00
-7.353571e-141 0.000000e+00
-3.133893e-141 0.000000e+00
-1.334094e-141 0.000000e+00
-5.672898e-142 0.000000e+00
-2.409572e-142 0.000000e+00
-1.022330e-142 0.000000e+00
-4.332700e-143 0.000000e+00
-1.834182e-143 0.000000e+00
-7.756088e-144 0.000000e+00
-3.276116e-144 0.000000e+00
-1.382268e-144 0.000000e+00
-5.825612e-145 0.000000e+00
-2.452490e-145 0.000000e+00
-1.031310e-145 0.000000e+00
-4.331991e-146 0.000000e+00
-1.817617e-146 0.000000e+00
-7.617868e-147 0.000000e+00
-3.189194e-147 0.000000e+00
-1.333659e-147 0.000000e+00
-5.570896e-148 0.000000e+00
-2.324458e-148 0.000000e+00
-9.688014e-149 0.000000e+00
-4.033334e-149 0.000000e+00
-1.677297e-149 0.000000e+00
-6.967425e-150 0.000000e+00
-2.891019e-150 0.000000e+00
-1.198246e-150 0.000000e+00
-4.960866e-151 0.000000e+00
-2.051565e-151 0.000000e+00
-8.474804e-152 0.000000e+00
-3.496958e-152 0.000000e+00
-1.441344e-152 0.000000e+00
-5.934185e-153 0.000000e+00
-2.440457e-153 0.000000e+00
-1.002530e-153 0.000000e+00
-4.113775e-154 0.000000e+00
-1.686164e-154 0.000000e+00
-6.903600e-155 0.000000e+00
-2.823370e-155 0.000000e+00
-1.153391e-155 0.000000e+00
-4.706539e-156 0.000000e+00
-1.918418e-156 0.000000e+00
-7.810905e-157 0.000000e+00
-3.176698e-157 0.000000e+00
-1.290526e-157 0.000000e+00
-5.236901e-158 0.000000e+00
-2.122748e-158 0.000000e+00
-8.594859e-159 0.000000e+00
-3.476128e-159 0.000000e+00
-1.404330e-159 0.000000e+00
-5.667076e-160 0.000000e+00
-2.284364e-160 0.000000e+00
-9.197891e-161 0.000000e+00
-3.699369e-161 0.000000e+00
-1.486222e-161 0.000000e+00
-5.964251e-162 0.000000e+00
-2.390809e-162 0.000000e+00
-9.573048e-163 0.000000e+00
-3.828884e-163 0.000000e+00
-1.529715e-163 0.000000e+00
-6.104718e-164 0.000000e+00
-2.433532e-164 0.000000e+00
-9.690029e-165 0.000000e+00
-3.854159e-165 0.000000e+00
-1.531266e-165 0.000000e+00
-6.076987e-166 0.000000e+00
-2.409031e-166 0.000000e+00
-9.539226e-167 0.000000e+00
-3.773118e-167 0.000000e+00
-1.490748e-167 0.000000e+00
-5.883348e-168 0.000000e+00
-2.319324e-168 0.000000e+00
-9.133029e-169 0.000000e+00
-3.592401e-169 0.000000e+00
-1.411469e-169 0.000000e+00
-5.539551e-170 0.000000e+00
-2.171672e-170 0.000000e+00
-8.504143e-171 0.000000e+00
-3.326468e-171 0.000000e+00
-1.299729e-171 0.000000e+00
-5.072696e-172 0.000000e+00
-1.977614e-172 0.000000e+00
-7.701239e-173 0.000000e+00
-2.995687e-173 0.000000e+00
-1.163989e-173 0.000000e+00
-4.517703e-174 0.000000e+00
-1.751472e-174 0.000000e+00
-6.782743e-175 0.000000e+00
-2.623760e-175 0.000000e+00
-1.013817e-175 0.000000e+00
-3.913014e-176 0.000000e+00
-1.508621e-176 0.000000e+00
-5.809854e-177 0.000000e+00
-2.234946e-177 0.000000e+00
-8.587869e-178 0.000000e+00
-3.296253e-178 0.000000e+00
-1.263782e-178 0.000000e+00
-4.839945e-179 0.000000e+00
-1.851507e-179 0.000000e+00
-7.075008e-180 0.000000e+00
-2.700506e-180 0.000000e+00
-1.029627e-180 0.000000e+00
-3.921312e-181 0.000000e+00
-1.491762e-181 0.000000e+00
-5.668711e-182 0.000000e+00
-2.151720e-182 0.000000e+00
-8.158377e-183 0.000000e+00
-3.089858e-183 0.000000e+00
-1.168934e-183 0.000000e+00
-4.417310e-184 0.000000e+00
-1.667411e-184 0.000000e+00
-6.287007e-185 0.000000e+00
-2.367892e-185 0.000000e+00
-8.908338e-186 0.000000e+00
-3.347712e-186 0.000000e+00
-1.256655e-186 0.000000e+00
-4.711951e-187 0.000000e+00
-1.764827e-187 0.000000e+00
-6.602680e-188 0.000000e+00
-2.467488e-188 0.000000e+00
-9.210993e-189 0.000000e+00
-3.434588e-189 0.000000e+00
-1.279262e-189 0.000000e+00
-4.759496e-190 0.000000e+00
-1.768802e-190 0.000000e+00
-6.566200e-191 0.000000e+00
-2.434814e-191 0.000000e+00
-9.018494e-192 0.000000e+00
-3.336715e-192 0.000000e+00
-1.233164e-192 0.000000e+00
-4.552388e-193 0.000000e+00
-1.678705e-193 0.000000e+00
-6.183385e-194 0.000000e+00
-2.275071e-194 0.000000e+00
-8.361423e-195 0.000000e+00
-3.069603e-195 0.000000e+00
-1.125644e-195 0.000000e+00
-4.123220e-196 0.000000e+00
-1.508651e-196 0.000000e+00
-5.513885e-197 0.000000e+00
-2.012998e-197 0.000000e+00
-7.340841e-198 0.000000e+00
-2.674022e-198 0.000000e+00
-9.729733e-199 0.000000e+00
-3.536336e-199 0.000000e+00
-1.283876e-199 0.000000e+00
-4.655959e-200 0.000000e+00
-1.686600e-200 0.000000e+00
-6.102836e-201 0.000000e+00
-2.205810e-201 0.000000e+00
-7.963817e-202 0.000000e+00
-2.872045e-202 0.000000e+00
-1.034613e-202 0.000000e+00
-3.722900e-203 0.000000e+00
-1.338140e-203 0.000000e+00
-4.804393e-204 0.000000e+00
-1.723028e-204 0.000000e+00
-6.172525e-205 0.000000e+00
-2.208768e-205 0.000000e+00
-7.895039e-206 0.000000e+00
-2.818871e-206 0.000000e+00
-1.005340e-206 0.000000e+00
-3.581519e-207 0.000000e+00
-1.274496e-207 0.000000e+00
-4.530295e-208 0.000000e+00
-1.608538e-208 0.000000e+00
-5.704963e-209 0.000000e+00
-2.021116e-209 0.000000e+00
-7.152312e-210 0.000000e+00
-2.528241e-210 0.000000e+00
-8.927035e-211 0.000000e+00
-3.148566e-211 0.000000e+00
-1.109265e-211 0.000000e+00
-3.903682e-212 0.000000e+00
-1.372241e-212 0.000000e+00
-4.818405e-213 0.000000e+00
-1.690024e-213 0.000000e+00
-5.921059e-214 0.000000e+00
-2.072157e-214 0.000000e+00
-7.243738e-215 0.000000e+00
-2.529412e-215 0.000000e+00
-8.822535e-216 0.000000e+00
-3.073859e-216 0.000000e+00
-1.069772e-216 0.000000e+00
-3.718909e-217 0.000000e+00
-1.291388e-217 0.000000e+00
-4.479345e-218 0.000000e+00
-1.551991e-218 0.000000e+00
-5.371318e-219 0.000000e+00
-1.856903e-219 0.000000e+00
-6.412310e-220 0.000000e+00
-2.211855e-220 0.000000e+00
-7.621063e-221 0.000000e+00
-2.622958e-221 0.000000e+00
-9.017455e-222 0.000000e+00
-3.096660e-222 0.000000e+00
-1.062233e-222 0.000000e+00
-3.639679e-223 0.000000e+00
-1.245728e-223 0.000000e+00
-4.258925e-224 0.000000e+00
-1.454433e-224 0.000000e+00
-4.961402e-225 0.000000e+00
-1.690565e-225 0.000000e+00
-5.754086e-226 0.000000e+00
-1.956310e-226 0.000000e+00
-6.643787e-227 0.000000e+00
-2.253776e-227 0.000000e+00
-7.636996e-228 0.000000e+00
-2.584945e-228 0.000000e+00
-8.739709e-229 0.000000e+00
-2.951613e-229 0.000000e+00
-9.957237e-230 0.000000e+00
-3.355329e-230 0.000000e+00
-1.129401e-230 0.000000e+00
-3.797330e-231 0.000000e+00
-1.275338e-231 0.000000e+00
-4.278476e-232 0.000000e+00
-1.433738e-232 0.000000e+00
-4.799185e-233 0.000000e+00
-1.604656e-233 0.000000e+00
-5.359366e-234 0.000000e+00
-1.787976e-234 0.000000e+00
-5.958362e-235 0.000000e+00
-1.983394e-235 0.000000e+00
-6.594898e-236 0.000000e+00
-2.190403e-236 0.000000e+00
-7.267028e-237 0.000000e+00
-2.408278e-237 0.000000e+00
-7.972110e-238 0.000000e+00
-2.636070e-238 0.000000e+00
-8.706776e-239 0.000000e+00
-2.872598e-239 0.000000e+00
-9.466930e-240 0.000000e+00
-3.116452e-240 0.000000e+00
-1.024775e-240 0.000000e+00
-3.365997e-241 0.000000e+00
-1.104373e-241 0.000000e+00
-3.619385e-242 0.000000e+00
-1.184870e-242 0.000000e+00
-3.874570e-243 0.000000e+00
-1.265591e-243 0.000000e+00
-4.129334e-244 0.000000e+00
-1.345810e-244 0.000000e+00
-4.381312e-245 0.000000e+00
-1.424760e-245 0.000000e+00
-4.628030e-246 0.000000e+00
-1.501646e-246 0.000000e+00
-4.866940e-247 0.000000e+00
-1.575655e-247 0.000000e+00
-5.095461e-248 0.000000e+00
-1.645973e-248 0.000000e+00
-5.311031e-249 0.000000e+00
-1.711796e-249 0.000000e+00
-5.511148e-250 0.000000e+00
-1.772348e-250 0.000000e+00
-5.693418e-251 0.000000e+00
-1.826897e-251 0.000000e+00
-5.855607e-252 0.000000e+00
-1.874765e-252 0.000000e+00
-5.995682e-253 0.000000e+00
-1.915347e-253 0.000000e+00
-6.111857e-254 0.000000e+00
-1.948121e-254 0.000000e+00
-6.202627e-255 0.000000e+00
-1.972660e-255 0.000000e+00
-6.266802e-256 0.000000e+00
-1.988642e-256 0.000000e+00
-6.303536e-257 0.000000e+00
-1.995854e-257 0.000000e+00
-6.312341e-258 0.000000e+00
-1.994201e-258 0.000000e+00
-6.293099e-259 0.000000e+00
-1.983705e-259 0.000000e+00
-6.246066e-260 0.000000e+00
-1.964505e-260 0.000000e+00
-6.171868e-261 0.000000e+00
-1.936855e-261 0.000000e+00
-6.071480e-262 0.000000e+00
-1.901118e-262 0.000000e+00
-5.946214e-263 0.000000e+00
-1.857757e-263 0.000000e+00
-5.797683e-264 0.000000e+00
-1.807328e-264 0.000000e+00
-5.627771e-265 0.000000e+00
-1.750463e-265 0.000000e+00
-5.438591e-266 0.000000e+00
-1.687862e-266 0.000000e+00
-5.232442e-267 0.000000e+00
-1.620276e-267 0.000000e+00
-5.011763e-268 0.000000e+00
-1.548492e-268 0.000000e+00
-4.779083e-269 0.000000e+00
-1.473320e-269 0.000000e+00
-4.536979e-270 0.000000e+00
-1.395576e-270 0.000000e+00
-4.288022e-271 0.000000e+00
-1.316066e-271 0.000000e+00
-4.034738e-272 0.000000e+00
-1.235578e-272 0.000000e+00
-3.779564e-273 0.000000e+00
-1.154863e-273 0.000000e+00
-3.524815e-274 0.000000e+00
-1.074630e-274 0.000000e+00
-3.272645e-275 0.000000e+00
-9.955334e-276 0.000000e+00
-3.025030e-276 0.000000e+00
-9.181649e-277 0.000000e+00
-2.783740e-277 0.000000e+00
-8.430507e-278 0.000000e+00
-2.550326e-278 0.000000e+00
-7.706459e-279 0.000000e+00
-2.326114e-279 0.000000e+00
-7.013329e-280 0.000000e+00
-2.112197e-280 0.000000e+00
-6.354213e-281 0.000000e+00
-1.909440e-281 0.000000e+00
-5.731489e-282 0.000000e+00
-1.718486e-282 0.000000e+00
-5.146849e-283 0.000000e+00
-1.539763e-283 0.000000e+00
-4.601332e-284 0.000000e+00
-1.373505e-284 0.000000e+00
-4.095378e-285 0.000000e+00
-1.219761e-285 0.000000e+00
-3.628880e-286 0.000000e+00
-1.078419e-286 0.000000e+00
-3.201249e-287 0.000000e+00
-9.492235e-288 0.000000e+00
-2.811477e-288 0.000000e+00
-8.317977e-289 0.000000e+00
-2.458204e-289 0.000000e+00
-7.256635e-290 0.000000e+00
-2.139782e-290 0.000000e+00
-6.302619e-291 0.000000e+00
-1.854341e-291 0.000000e+00
-5.449733e-292 0.000000e+00
-1.599845e-292 0.000000e+00
-4.691348e-293 0.000000e+00
-1.374151e-293 0.000000e+00
-4.020577e-294 0.000000e+00
-1.175058e-294 0.000000e+00
-3.430421e-295 0.000000e+00
-1.000351e-295 0.000000e+00
-2.913901e-296 0.000000e+00
-8.478405e-297 0.000000e+00
-2.464169e-297 0.000000e+00
-7.153920e-298 0.000000e+00
-2.074601e-298 0.000000e+00
-6.009556e-299 0.000000e+00
-1.738870e-299 0.000000e+00
-5.025844e-300 0.000000e+00
-1.451002e-300 0.000000e+00
-4.184505e-301 0.000000e+00
-1.205417e-301 0.000000e+00
-3.468547e-302 0.000000e+00
-9.969535e-303 0.000000e+00
-2.862328e-303 0.000000e+00
-8.208824e-304 0.000000e+00
-2.351579e-304 0.000000e+00
-6.729076e-305 0.000000e+00
-1.923394e-305 0.000000e+00
-5.491592e-306 0.000000e+00
-1.566193e-306 0.000000e+00
-4.461795e-307 0.000000e+00
-1.269670e-307 0.000000e+00
-3.609021e-308 0.000000e+00
-1.024719e-308 0.000000e+00
-2.906281e-309 0.000000e+00
-8.233556e-310 0.000000e+00
-2.329991e-310 0.000000e+00
-6.586252e-311 0.000000e+00
-1.859685e-311 0.000000e+00
-5.245148e-312 0.000000e+00
-1.477723e-312 0.000000e+00
-4.158586e-313 0.000000e+00
-1.169002e-313 0.000000e+00
-3.282479e-314 0.000000e+00
-9.206740e-315 0.000000e+00
-2.579451e-315 0.000000e+00
-7.218767e-316 0.000000e+00
-2.018032e-316 0.000000e+00
-5.635053e-317 0.000000e+00
-1.571451e-317 0.000000e+00
-4.380015e-318 0.000000e+00
-1.219191e-318 0.000000e+00
-3.364093e-319 0.000000e+00
-9.523609e-320 0.000000e+00
-2.935244e-320 0.000000e+00
-7.351697e-321 0.000000e+00
-0.000000e+00 0.000000e+00
-0.000000e+00 0.000000e+00
-0.000000e+00 0.000000e+00
-0.000000e+00 0.000000e+00
-0.000000e+00 0.000000e+00
-0.000000e+00 0.000000e+00
-0.000000e+00 0.000000e+00
-0.000000e+00 0.000000e+00
-0.000000e+00 0.000000e+00
-0.000000e+00 0.000000e+00
-0.000000e+00 0.000000e+00
-0.000000e+00 0.000000e+00
-0.000000e+00 0.000000e+00
-0.000000e+00 0.000000e+00
-0.000000e+00 0.000000e+00
-0.000000e+00 0.000000e+00
-0.000000e+00 0.000000e+00
-0.000000e+00 0.000000e+00
-0.000000e+00 0.000000e+00
-0.000000e+00 0.000000e+00
-0.000000e+00 0.000000e+00
-0.000000e+00 0.000000e+00
-0.000000e+00 0.000000e+00
-0.000000e+00 0.000000e+00
-0.000000e+00 0.000000e+00
-0.000000e+00 0.000000e+00
-0.000000e+00 0.000000e+00
-0.000000e+00 0.000000e+00
-0.000000e+00 0.000000e+00
-0.000000e+00 0.000000e+00
-0.000000e+00 0.000000e+00
-0.000000e+00 0.000000e+00
-0.000000e+00 0.000000e+00
-0.000000e+00 0.000000e+00
-0.000000e+00 0.000000e+00
-0.000000e+00 0.000000e+00
-0.000000e+00 0.000000e+00
-0.000000e+00 0.000000e+00
-0.000000e+00 0.000000e+00
-0.000000e+00 0.000000e+00
-0.000000e+00 0.000000e+00
-0.000000e+00 0.000000e+00
-0.000000e+00 0.000000e+00
-0.000000e+00 0.000000e+00
-0.000000e+00 0.000000e+00
-0.000000e+00 0.000000e+00
-0.000000e+00 0.000000e+00
-0.000000e+00 0.000000e+00
-0.000000e+00 0.000000e+00
-0.000000e+00 0.000000e+00
-0.000000e+00 0.000000e+00
-0.000000e+00 0.000000e+00
-0.000000e+00 0.000000e+00
-0.000000e+00 0.000000e+00
-0.000000e+00 0.000000e+00
-0.000000e+00 0.000000e+00
-0.000000e+00 0.000000e+00
-0.000000e+00 0.000000e+00
-0.000000e+00 0.000000e+00
-0.000000e+00 0.000000e+00
-0.000000e+00 0.000000e+00
-0.000000e+00 0.000000e+00
-0.000000e+00 0.000000e+00
-0.000000e+00 0.000000e+00
-0.000000e+00 0.000000e+00
-0.000000e+00 0.000000e+00
-0.000000e+00 0.000000e+00
-0.000000e+00 0.000000e+00
-0.000000e+00 0.000000e+00
-0.000000e+00 0.000000e+00
-0.000000e+00 0.000000e+00
-0.000000e+00 0.000000e+00
-0.000000e+00 0.000000e+00
-0.000000e+00 0.000000e+00
-0.000000e+00 0.000000e+00
-0.000000e+00 0.000000e+00
-0.000000e+00 0.000000e+00
-0.000000e+00 0.000000e+00
-0.000000e+00 0.000000e+00
-0.000000e+00 0.000000e+00
-0.000000e+00 0.000000e+00
-0.000000e+00 0.000000e+00
-0.000000e+00 0.000000e+00
-0.000000e+00 0.000000e+00
-0.000000e+00 0.000000e+00
-0.000000e+00 0.000000e+00
-0.000000e+00 0.000000e+00
-0.000000e+00 0.000000e+00
-0.000000e+00 0.000000e+00
-0.000000e+00 0.000000e+00
-0.000000e+00 0.000000e+00
-0.000000e+00 0.000000e+00
-0.000000e+00 0.000000e+00
-0.000000e+00 0.000000e+00
-0.000000e+00 0.000000e+00
-0.000000e+00 0.000000e+00
-0.000000e+00 0.000000e+00
-0.000000e+00 0.000000e+00
-0.000000e+00 0.000000e+00
-0.000000e+00 0.000000e+00
-0.000000e+00 0.000000e+00
-0.000000e+00 0.000000e+00
-0.000000e+00 0.000000e+00
-0.000000e+00 0.000000e+00
-0.000000e+00 0.000000e+00
-0.000000e+00 0.000000e+00
-0.000000e+00 0.000000e+00
-0.000000e+00 0.000000e+00
-0.000000e+00 0.000000e+00
-0.000000e+00 0.000000e+00
-0.000000e+00 0.000000e+00
-0.000000e+00 0.000000e+00
-0.000000e+00 0.000000e+00
-0.000000e+00 0.000000e+00
-0.000000e+00 0.000000e+00
-0.000000e+00 0.000000e+00
-0.000000e+00 0.000000e+00
-0.000000e+00 0.000000e+00
-0.000000e+00 0.000000e+00
-0.000000e+00 0.000000e+00
-0.000000e+00 0.000000e+00
-0.000000e+00 0.000000e+00
-0.000000e+00 0.000000e+00
-0.000000e+00 0.000000e+00
-0.000000e+00 0.000000e+00
-0.000000e+00 0.000000e+00
-0.000000e+00 0.000000e+00
-0.000000e+00 0.000000e+00
-0.000000e+00 0.000000e+00
-0.000000e+00 0.000000e+00
-0.000000e+00 0.000000e+00
-0.000000e+00 0.000000e+00
-0.000000e+00 0.000000e+00
-0.000000e+00 0.000000e+00
-0.000000e+00 0.000000e+00
-0.000000e+00 0.000000e+00
-0.000000e+00 0.000000e+00
-0.000000e+00 0.000000e+00
-0.000000e+00 0.000000e+00
-0.000000e+00 0.000000e+00
-0.000000e+00 0.000000e+00
-0.000000e+00 0.000000e+00
-0.000000e+00 0.000000e+00
-0.000000e+00 0.000000e+00
-0.000000e+00 0.000000e+00
-0.000000e+00 0.000000e+00
-0.000000e+00 0.000000e+00
-0.000000e+00 0.000000e+00
-0.000000e+00 0.000000e+00
-0.000000e+00 0.000000e+00
-0.000000e+00 0.000000e+00
-0.000000e+00 0.000000e+00
-0.000000e+00 0.000000e+00
-0.000000e+00 0.000000e+00
-0.000000e+00 0.000000e+00
-0.000000e+00 0.000000e+00
-0.000000e+00 0.000000e+00
-0.000000e+00 0.000000e+00
-0.000000e+00 0.000000e+00
-0.000000e+00 0.000000e+00
-0.000000e+00 0.000000e+00
-0.000000e+00 0.000000e+00
-0.000000e+00 0.000000e+00
-0.000000e+00 0.000000e+00
-0.000000e+00 0.000000e+00
-0.000000e+00 0.000000e+00
-0.000000e+00 0.000000e+00
-0.000000e+00 0.000000e+00
-0.000000e+00 0.000000e+00
-0.000000e+00 0.000000e+00
-0.000000e+00 0.000000e+00
-0.000000e+00 0.000000e+00
-0.000000e+00 0.000000e+00
-0.000000e+00 0.000000e+00
-0.000000e+00 0.000000e+00
-0.000000e+00 0.000000e+00
-0.000000e+00 0.000000e+00
-0.000000e+00 0.000000e+00
-0.000000e+00 0.000000e+00
-0.000000e+00 0.000000e+00
-0.000000e+00 0.000000e+00
-0.000000e+00 0.000000e+00
-0.000000e+00 0.000000e+00
-0.000000e+00 0.000000e+00
-0.000000e+00 0.000000e+00
-0.000000e+00 0.000000e+00
-0.000000e+00 0.000000e+00
-0.000000e+00 0.000000e+00
-0.000000e+00 0.000000e+00
-0.000000e+00 0.000000e+00
-0.000000e+00 0.000000e+00
-0.000000e+00 0.000000e+00
-0.000000e+00 0.000000e+00
-0.000000e+00 0.000000e+00
-0.000000e+00 0.000000e+00
-0.000000e+00 0.000000e+00
-0.000000e+00 0.000000e+00
-0.000000e+00 0.000000e+00
-0.000000e+00 0.000000e+00
-0.000000e+00 0.000000e+00
-0.000000e+00 0.000000e+00
-0.000000e+00 0.000000e+00
