         time X Accelera... X Accelera... 
------------- ------------- ------------- 
 1.000000e-02 -2.128130e-55 -9.999331e-85 
 2.000000e-02 -5.475628e-55 -2.022082e-78 
 3.000000e-02 -1.623646e-54 -1.460031e-74 
 4.000000e-02 -4.821270e-54 -9.297556e-72 
 5.000000e-02 -1.419874e-53 -1.477561e-69 
 6.000000e-02 -4.158869e-53 -9.476831e-68 
 7.000000e-02 -1.212691e-52 -3.196128e-66 
 8.000000e-02 -3.520452e-52 -6.665133e-65 
 9.000000e-02 -1.017421e-51 -9.563902e-64 
 1.000000e-01 -2.927187e-51 -1.017364e-62 
 1.100000e-01 -8.383922e-51 -8.471581e-62 
 1.200000e-01 -2.390514e-50 -5.755107e-61 
 1.300000e-01 -6.785512e-50 -3.295395e-60 
 1.400000e-01 -1.917436e-49 -1.633514e-59 
 1.500000e-01 -5.393940e-49 -7.170501e-59 
 1.600000e-01 -1.510559e-48 -2.843476e-58 
 1.700000e-01 -4.211296e-48 -1.037180e-57 
 1.800000e-01 -1.168799e-47 -3.537907e-57 
 1.900000e-01 -3.229312e-47 -1.145725e-56 
 2.000000e-01 -8.882305e-47 -3.569994e-56 
 2.100000e-01 -2.432130e-46 -1.082412e-55 
 2.200000e-01 -6.629689e-46 -3.221542e-55 
 2.300000e-01 -1.799055e-45 -9.470720e-55 
 2.400000e-01 -4.860046e-45 -2.761028e-54 
 2.500000e-01 -1.307016e-44 -8.000176e-54 
 2.600000e-01 -3.499174e-44 -2.306485e-53 
 2.700000e-01 -9.325973e-44 -6.619564e-53 
 2.800000e-01 -2.474381e-43 -1.891510e-52 
 2.900000e-01 -6.535552e-43 -5.381546e-52 
 3.000000e-01 -1.718467e-42 -1.524498e-51 
 3.100000e-01 -4.498246e-42 -4.299980e-51 
 3.200000e-01 -1.172162e-41 -1.207604e-50 
 3.300000e-01 -3.040707e-41 -3.376762e-50 
 3.400000e-01 -7.852422e-41 -9.401430e-50 
 3.500000e-01 -2.018713e-40 -2.606183e-49 
 3.600000e-01 -5.166386e-40 -7.193387e-49 
 3.700000e-01 -1.316256e-39 -1.976876e-48 
 3.800000e-01 -3.338374e-39 -5.409321e-48 
 3.900000e-01 -8.428885e-39 -1.473749e-47 
 4.000000e-01 -2.118584e-38 -3.997804e-47 
 4.100000e-01 -5.301042e-38 -1.079784e-46 
 4.200000e-01 -1.320433e-37 -2.903818e-46 
 4.300000e-01 -3.274245e-37 -7.775336e-46 
 4.400000e-01 -8.082486e-37 -2.072936e-45 
 4.500000e-01 -1.986175e-36 -5.502624e-45 
 4.600000e-01 -4.858793e-36 -1.454356e-44 
 4.700000e-01 -1.183253e-35 -3.827264e-44 
 4.800000e-01 -2.868562e-35 -1.002820e-43 
 4.900000e-01 -6.922906e-35 -2.616220e-43 
 5.000000e-01 -1.663220e-34 -6.795826e-43 
 5.100000e-01 -3.977842e-34 -1.757627e-42 
 5.200000e-01 -9.470694e-34 -4.526138e-42 
 5.300000e-01 -2.244667e-33 -1.160500e-41 
 5.400000e-01 -5.296120e-33 -2.962641e-41 
 5.500000e-01 -1.243938e-32 -7.530588e-41 
 5.600000e-01 -2.908537e-32 -1.905877e-40 
 5.700000e-01 -6.769941e-32 -4.802605e-40 
 5.800000e-01 -1.568661e-31 -1.204966e-39 
 5.900000e-01 -3.618321e-31 -3.010151e-39 
 6.000000e-01 -8.308415e-31 -7.487166e-39 
 6.100000e-01 -1.899162e-30 -1.854224e-38 
 6.200000e-01 -4.321538e-30 -4.572167e-38 
 6.300000e-01 -9.789185e-30 -1.122528e-37 
 6.400000e-01 -2.207426e-29 -2.744022e-37 
 6.500000e-01 -4.955152e-29 -6.678711e-37 
 6.600000e-01 -1.107282e-28 -1.618500e-36 
 6.700000e-01 -2.463144e-28 -3.905234e-36 
 6.800000e-01 -5.454449e-28 -9.382012e-36 
 6.900000e-01 -1.202378e-27 -2.244187e-35 
 7.000000e-01 -2.638519e-27 -5.344860e-35 
 7.100000e-01 -5.763780e-27 -1.267440e-34 
 7.200000e-01 -1.253379e-26 -2.992487e-34 
 7.300000e-01 -2.713216e-26 -7.034781e-34 
 7.400000e-01 -5.846731e-26 -1.646577e-33 
 7.500000e-01 -1.254203e-25 -3.837309e-33 
 7.600000e-01 -2.678234e-25 -8.903983e-33 
 7.700000e-01 -5.693167e-25 -2.057096e-32 
 7.800000e-01 -1.204714e-24 -4.731917e-32 
 7.900000e-01 -2.537686e-24 -1.083757e-31 
 8.000000e-01 -5.321267e-24 -2.471375e-31 
 8.100000e-01 -1.110747e-23 -5.611216e-31 
 8.200000e-01 -2.308007e-23 -1.268489e-30 
 8.300000e-01 -4.773982e-23 -2.855142e-30 
 8.400000e-01 -9.829814e-23 -6.398520e-30 
 8.500000e-01 -2.014791e-22 -1.427717e-29 
 8.600000e-01 -4.110877e-22 -3.171865e-29 
 8.700000e-01 -8.349449e-22 -7.016128e-29 
 8.800000e-01 -1.688105e-21 -1.545219e-28 
 8.900000e-01 -3.397493e-21 -3.388377e-28 
 9.000000e-01 -6.806670e-21 -7.397802e-28 
 9.100000e-01 -1.357460e-20 -1.608134e-27 
 9.200000e-01 -2.694850e-20 -3.480570e-27 
 9.300000e-01 -5.325459e-20 -7.500435e-27 
 9.400000e-01 -1.047595e-19 -1.609275e-26 
 9.500000e-01 -2.051364e-19 -3.437805e-26 
 9.600000e-01 -3.998569e-19 -7.312050e-26 
 9.700000e-01 -7.758504e-19 -1.548473e-25 
 9.800000e-01 -1.498519e-18 -3.264933e-25 
 9.900000e-01 -2.881085e-18 -6.854102e-25 
 1.000000e+00 -5.513904e-18 -1.432624e-24 
 1.010000e+00 -1.050438e-17 -2.981389e-24 
 1.020000e+00 -1.991998e-17 -6.177454e-24 
 1.030000e+00 -3.760223e-17 -1.274396e-23 
 1.040000e+00 -7.065515e-17 -2.617596e-23 
 1.050000e+00 -1.321534e-16 -5.353082e-23 
 1.060000e+00 -2.460462e-16 -1.089953e-22 
 1.070000e+00 -4.559919e-16 -2.209598e-22 
 1.080000e+00 -8.411998e-16 -4.459853e-22 
 1.090000e+00 -1.544691e-15 -8.962490e-22 
 1.100000e+00 -2.823471e-15 -1.793235e-21 
 1.110000e+00 -5.137162e-15 -3.572280e-21 
 1.120000e+00 -9.303799e-15 -7.085215e-21 
 1.130000e+00 -1.677233e-14 -1.399134e-20 
 1.140000e+00 -3.009686e-14 -2.750828e-20 
 1.150000e+00 -5.375793e-14 -5.384744e-20 
 1.160000e+00 -9.557762e-14 -1.049454e-19 
 1.170000e+00 -1.691457e-13 -2.036375e-19 
 1.180000e+00 -2.979584e-13 -3.934121e-19 
 1.190000e+00 -5.224427e-13 -7.567150e-19 
 1.200000e+00 -9.118194e-13 -1.449142e-18 
 1.210000e+00 -1.584035e-12 -2.763013e-18 
 1.220000e+00 -2.739081e-12 -5.245023e-18 
 1.230000e+00 -4.714414e-12 -9.912967e-18 
 1.240000e+00 -8.076663e-12 -1.865309e-17 
 1.250000e+00 -1.377260e-11 -3.494526e-17 
 1.260000e+00 -2.337642e-11 -6.518011e-17 
 1.270000e+00 -3.949270e-11 -1.210404e-16 
 1.280000e+00 -6.640952e-11 -2.237862e-16 
 1.290000e+00 -1.111519e-10 -4.119296e-16 
 1.300000e+00 -1.851719e-10 -7.549157e-16 
 1.310000e+00 -3.070454e-10 -1.377396e-15 
 1.320000e+00 -5.067549e-10 -2.502091e-15 
 1.330000e+00 -8.324516e-10 -4.525122e-15 
 1.340000e+00 -1.361080e-09 -8.147782e-15 
 1.350000e+00 -2.214983e-09 -1.460593e-14 
 1.360000e+00 -3.587704e-09 -2.606748e-14 
 1.370000e+00 -5.783893e-09 -4.631776e-14 
 1.380000e+00 -9.280667e-09 -8.193576e-14 
 1.390000e+00 -1.482146e-08 -1.443032e-13 
 1.400000e+00 -2.355882e-08 -2.530192e-13 
 1.410000e+00 -3.727041e-08 -4.416772e-13 
 1.420000e+00 -5.868411e-08 -7.675898e-13 
 1.430000e+00 -9.196441e-08 -1.328082e-12 
 1.440000e+00 -1.434364e-07 -2.287656e-12 
 1.450000e+00 -2.226572e-07 -3.923062e-12 
 1.460000e+00 -3.439922e-07 -6.697720e-12 
 1.470000e+00 -5.289228e-07 -1.138400e-11 
 1.480000e+00 -8.094027e-07 -1.926313e-11 
 1.490000e+00 -1.232715e-06 -3.245054e-11 
 1.500000e+00 -1.868455e-06 -5.442247e-11 
 1.510000e+00 -2.818523e-06 -9.086452e-11 
 1.520000e+00 -4.231319e-06 -1.510318e-10 
 1.530000e+00 -6.321812e-06 -2.499188e-10 
 1.540000e+00 -9.399728e-06 -4.117031e-10 
 1.550000e+00 -1.390891e-05 -6.751838e-10 
 1.560000e+00 -2.048191e-05 -1.102328e-09 
 1.570000e+00 -3.001536e-05 -1.791632e-09 
 1.580000e+00 -4.377315e-05 -2.898903e-09 
 1.590000e+00 -6.352705e-05 -4.669428e-09 
 1.600000e+00 -9.174690e-05 -7.487496e-09 
 1.610000e+00 -1.318563e-04 -1.195227e-08 
 1.620000e+00 -1.885742e-04 -1.899340e-08 
 1.630000e+00 -2.683674e-04 -3.004632e-08 
 1.640000e+00 -3.800476e-04 -4.731664e-08 
 1.650000e+00 -5.355510e-04 -7.417678e-08 
 1.660000e+00 -7.509524e-04 -1.157580e-07 
 1.670000e+00 -1.047770e-03 -1.798293e-07 
 1.680000e+00 -1.454639e-03 -2.780953e-07 
 1.690000e+00 -2.009430e-03 -4.281026e-07 
 1.700000e+00 -2.761922e-03 -6.560246e-07 
 1.710000e+00 -3.777141e-03 -1.000708e-06 
 1.720000e+00 -5.139490e-03 -1.519522e-06 
 1.730000e+00 -6.957824e-03 -2.296760e-06 
 1.740000e+00 -9.371613e-03 -3.455650e-06 
 1.750000e+00 -1.255837e-02 -5.175428e-06 
 1.760000e+00 -1.674250e-02 -7.715456e-06 
 1.770000e+00 -2.220571e-02 -1.144912e-05 
 1.780000e+00 -2.929917e-02 -1.691118e-05 
 1.790000e+00 -3.845744e-02 -2.486357e-05 
 1.800000e+00 -5.021429e-02 -3.638618e-05 
 1.810000e+00 -6.522032e-02 -5.300157e-05 
 1.820000e+00 -8.426223e-02 -7.684506e-05 
 1.830000e+00 -1.082835e-01 -1.108954e-04 
 1.840000e+00 -1.384061e-01 -1.592858e-04 
 1.850000e+00 -1.759521e-01 -2.277200e-04 
 1.860000e+00 -2.224650e-01 -3.240269e-04 
 1.870000e+00 -2.797289e-01 -4.588931e-04 
 1.880000e+00 -3.497842e-01 -6.468250e-04 
 1.890000e+00 -4.349385e-01 -9.074052e-04 
 1.900000e+00 -5.377689e-01 -1.266919e-03 
 1.910000e+00 -6.611157e-01 -1.760449e-03 
 1.920000e+00 -8.080619e-01 -2.434547e-03 
 1.930000e+00 -9.818972e-01 -3.350631e-03 
 1.940000e+00 -1.186063e+00 -4.589245e-03 
 1.950000e+00 -1.424077e+00 -6.255394e-03 
 1.960000e+00 -1.699425e+00 -8.485140e-03 
 1.970000e+00 -2.015438e+00 -1.145371e-02 
 1.980000e+00 -2.375125e+00 -1.538534e-02 
 1.990000e+00 -2.780986e+00 -2.056520e-02 
 2.000000e+00 -3.234789e+00 -2.735357e-02 
 2.010000e+00 -3.737320e+00 -3.620265e-02 
 2.020000e+00 -4.288110e+00 -4.767616e-02 
 2.030000e+00 -4.885142e+00 -6.247199e-02 
 2.040000e+00 -5.524545e+00 -8.144806e-02 
 2.050000e+00 -6.200297e+00 -1.056513e-01 
 2.060000e+00 -6.903937e+00 -1.363498e-01 
 2.070000e+00 -7.624306e+00 -1.750675e-01 
 2.080000e+00 -8.347342e+00 -2.236210e-01 
 2.090000e+00 -9.055943e+00 -2.841580e-01 
 2.100000e+00 -9.729917e+00 -3.591949e-01 
 2.110000e+00 -1.034604e+01 -4.516535e-01 
 2.120000e+00 -1.087827e+01 -5.648925e-01 
 2.130000e+00 -1.129803e+01 -7.027334e-01 
 2.140000e+00 -1.157479e+01 -8.694752e-01 
 2.150000e+00 -1.167666e+01 -1.069896e+00 
 2.160000e+00 -1.157129e+01 -1.309234e+00 
 2.170000e+00 -1.122682e+01 -1.593148e+00 
 2.180000e+00 -1.061307e+01 -1.927647e+00 
 2.190000e+00 -9.702837e+00 -2.318985e+00 
 2.200000e+00 -8.473204e+00 -2.773520e+00 
 2.210000e+00 -6.907008e+00 -3.297521e+00 
 2.220000e+00 -4.994227e+00 -3.896934e+00 
 2.230000e+00 -2.733317e+00 -4.577092e+00 
 2.240000e+00 -1.324213e-01 -5.342371e+00 
 2.250000e+00  2.789638e+00 -6.195795e+00 
 2.260000e+00  6.002630e+00 -7.138593e+00 
 2.270000e+00  9.464530e+00 -8.169711e+00 
 2.280000e+00  1.312152e+01 -9.285296e+00 
 2.290000e+00  1.690844e+01 -1.047816e+01 
 2.300000e+00  2.074971e+01 -1.173725e+01 
 2.310000e+00  2.456068e+01 -1.304715e+01 
 2.320000e+00  2.824955e+01 -1.438761e+01 
 2.330000e+00  3.171961e+01 -1.573319e+01 
 2.340000e+00  3.487195e+01 -1.705303e+01 
 2.350000e+00  3.760840e+01 -1.831071e+01 
 2.360000e+00  3.983476e+01 -1.946440e+01 
 2.370000e+00  4.146397e+01 -2.046714e+01 
 2.380000e+00  4.241942e+01 -2.126745e+01 
 2.390000e+00  4.263792e+01 -2.181013e+01 
 2.400000e+00  4.207249e+01 -2.203748e+01 
 2.410000e+00  4.069459e+01 -2.189070e+01 
 2.420000e+00  3.849590e+01 -2.131161e+01 
 2.430000e+00  3.548940e+01 -2.024471e+01 
 2.440000e+00  3.170971e+01 -1.863938e+01 
 2.450000e+00  2.721276e+01 -1.645226e+01 
 2.460000e+00  2.207459e+01 -1.364978e+01 
 2.470000e+00  1.638949e+01 -1.021063e+01 
 2.480000e+00  1.026746e+01 -6.128221e+00 
 2.490000e+00  3.831060e+00 -1.412802e+00 
 2.500000e+00 -2.788149e+00  3.906612e+00 
 2.510000e+00 -9.453502e+00  9.780844e+00 
 2.520000e+00 -1.602727e+01  1.613970e+01 
 2.530000e+00 -2.237467e+01  2.289178e+01 
 2.540000e+00 -2.836772e+01  2.992504e+01 
 2.550000e+00 -3.388876e+01  3.710817e+01 
 2.560000e+00 -3.883344e+01  4.429281e+01 
 2.570000e+00 -4.311326e+01  5.131659e+01 
 2.580000e+00 -4.665732e+01  5.800703e+01 
 2.590000e+00 -4.941342e+01  6.418602e+01 
 2.600000e+00 -5.134847e+01  6.967504e+01 
 2.610000e+00 -5.244815e+01  7.430070e+01 
 2.620000e+00 -5.271598e+01  7.790054e+01 
 2.630000e+00 -5.217184e+01  8.032889e+01 
 2.640000e+00 -5.085003e+01  8.146249e+01 
 2.650000e+00 -4.879701e+01  8.120564e+01 
 2.660000e+00 -4.606906e+01  7.949469e+01 
 2.670000e+00 -4.272974e+01  7.630162e+01 
 2.680000e+00 -3.884760e+01  7.163653e+01 
 2.690000e+00 -3.449400e+01  6.554892e+01 
 2.700000e+00 -2.974124e+01  5.812754e+01 
 2.710000e+00 -2.466111e+01  4.949900e+01 
 2.720000e+00 -1.932378e+01  3.982484e+01 
 2.730000e+00 -1.379714e+01  2.929747e+01 
 2.740000e+00 -8.146536e+00  1.813478e+01 
 2.750000e+00 -2.434886e+00  6.573937e+00 
 2.760000e+00  3.276985e+00 -5.135718e+00 
 2.770000e+00  8.929758e+00 -1.674014e+01 
 2.780000e+00  1.446497e+01 -2.798831e+01 
 2.790000e+00  1.982433e+01 -3.863979e+01 
 2.800000e+00  2.494924e+01 -4.847193e+01 
 2.810000e+00  2.978038e+01 -5.728639e+01 
 2.820000e+00  3.425771e+01 -6.491466e+01 
 2.830000e+00  3.832071e+01 -7.122258e+01 
 2.840000e+00  4.190908e+01 -7.611347e+01 
 2.850000e+00  4.496374e+01 -7.952997e+01 
 2.860000e+00  4.742820e+01 -8.145443e+01 
 2.870000e+00  4.925028e+01 -8.190800e+01 
 2.880000e+00  5.038400e+01 -8.094835e+01 
 2.890000e+00  5.079162e+01 -7.866636e+01 
 2.900000e+00  5.044568e+01 -7.518171e+01 
 2.910000e+00  4.933100e+01 -7.063788e+01 
 2.920000e+00  4.744638e+01 -6.519652e+01 
 2.930000e+00  4.480597e+01 -5.903154e+01 
 2.940000e+00  4.144025e+01 -5.232328e+01 
 2.950000e+00  3.739641e+01 -4.525269e+01 
 2.960000e+00  3.273818e+01 -3.799610e+01 
 2.970000e+00  2.754503e+01 -3.072035e+01 
 2.980000e+00  2.191069e+01 -2.357879e+01 
 2.990000e+00  1.594117e+01 -1.670793e+01 
 3.000000e+00  9.752157e+00 -1.022504e+01 
 3.010000e+00  3.466008e+00 -4.226538e+00 
 3.020000e+00 -2.791605e+00  1.212767e+00 
 3.030000e+00 -8.895239e+00  6.039627e+00 
 3.040000e+00 -1.472330e+01  1.022163e+01 
 3.050000e+00 -2.016158e+01  1.374587e+01 
 3.060000e+00 -2.510652e+01  1.661712e+01 
 3.070000e+00 -2.946818e+01  1.885566e+01 
 3.080000e+00 -3.317267e+01  2.049482e+01 
 3.090000e+00 -3.616404e+01  2.157846e+01 
 3.100000e+00 -3.840552e+01  2.215837e+01 
 3.110000e+00 -3.988009e+01  2.229179e+01 
 3.120000e+00 -4.059037e+01  2.203904e+01 
 3.130000e+00 -4.055781e+01  2.146143e+01 
 3.140000e+00 -3.982137e+01  2.061936e+01 
 3.150000e+00 -3.843553e+01  1.957081e+01 
 3.160000e+00 -3.646801e+01  1.836998e+01 
 3.170000e+00 -3.399704e+01  1.706642e+01 
 3.180000e+00 -3.110853e+01  1.570430e+01 
 3.190000e+00 -2.789304e+01  1.432207e+01 
 3.200000e+00 -2.444288e+01  1.295221e+01 
 3.210000e+00 -2.084930e+01  1.162138e+01 
 3.220000e+00 -1.719995e+01  1.035059e+01 
 3.230000e+00 -1.357657e+01  9.155567e+00 
 3.240000e+00 -1.005319e+01  8.047237e+00 
 3.250000e+00 -6.694619e+00  7.032251e+00 
 3.260000e+00 -3.555414e+00  6.113561e+00 
 3.270000e+00 -6.793090e-01  5.291017e+00 
 3.280000e+00  1.900988e+00  4.561945e+00 
 3.290000e+00  4.163596e+00  3.921707e+00 
 3.300000e+00  6.096936e+00  3.364222e+00 
 3.310000e+00  7.698921e+00  2.882437e+00 
 3.320000e+00  8.975932e+00  2.468738e+00 
 3.330000e+00  9.941636e+00  2.115308e+00 
 3.340000e+00  1.061571e+01  1.814422e+00 
 3.350000e+00  1.102253e+01  1.558678e+00 
 3.360000e+00  1.118986e+01  1.341181e+00 
 3.370000e+00  1.114763e+01  1.155665e+00 
 3.380000e+00  1.092678e+01  9.965706e-01 
 3.390000e+00  1.055824e+01  8.590869e-01 
 3.400000e+00  1.007206e+01  7.391486e-01 
 3.410000e+00  9.496703e+00  6.334115e-01 
 3.420000e+00  8.858436e+00  5.392022e-01 
 3.430000e+00  8.180960e+00  4.544520e-01 
 3.440000e+00  7.485122e+00  3.776206e-01 
 3.450000e+00  6.788783e+00  3.076123e-01 
 3.460000e+00  6.106793e+00  2.436926e-01 
 3.470000e+00  5.451071e+00  1.854063e-01 
 3.480000e+00  4.830758e+00  1.325008e-01 
 3.490000e+00  4.252434e+00  8.485795e-02 
 3.500000e+00  3.720377e+00  4.243459e-02 
 3.510000e+00  3.236851e+00  5.213702e-03 
 3.520000e+00  2.802405e+00 -2.683389e-02 
 3.530000e+00  2.416174e+00 -5.377742e-02 
 3.540000e+00  2.076172e+00 -7.574433e-02 
 3.550000e+00  1.779566e+00 -9.292958e-02 
 3.560000e+00  1.522928e+00 -1.055975e-01 
 3.570000e+00  1.302459e+00 -1.140774e-01 
 3.580000e+00  1.114183e+00 -1.187547e-01 
 3.590000e+00  9.541136e-01 -1.200586e-01 
 3.600000e+00  8.183821e-01 -1.184475e-01 
 3.610000e+00  7.033452e-01 -1.143949e-01 
 3.620000e+00  6.056582e-01 -1.083739e-01 
 3.630000e+00  5.223258e-01 -1.008441e-01 
 3.640000e+00  4.507299e-01 -9.223994e-02 
 3.650000e+00  3.886376e-01 -8.296076e-02 
 3.660000e+00  3.341936e-01 -7.336364e-02 
 3.670000e+00  2.858994e-01 -6.375846e-02 
 3.680000e+00  2.425828e-01 -5.440530e-02 
 3.690000e+00  2.033607e-01 -4.551396e-02 
 3.700000e+00  1.675974e-01 -3.724526e-02 
 3.710000e+00  1.348613e-01 -2.971391e-02 
 3.720000e+00  1.048824e-01 -2.299241e-02 
 3.730000e+00  7.751177e-02 -1.711596e-02 
 3.740000e+00  5.268362e-02 -1.208766e-02 
 3.750000e+00  3.038317e-02 -7.884049e-03 
 3.760000e+00  1.061864e-02 -4.460547e-03 
 3.770000e+00 -6.600963e-03 -1.756687e-03 
 3.780000e+00 -2.128270e-02  2.990566e-04 
 3.790000e+00 -3.346136e-02  1.784927e-03 
 3.800000e+00 -4.320629e-02  2.782097e-03 
 3.810000e+00 -5.062409e-02  3.371469e-03 
 3.820000e+00 -5.585772e-02  3.631060e-03 
 3.830000e+00 -5.908284e-02  3.633960e-03 
 3.840000e+00 -6.050209e-02  3.446810e-03 
 3.850000e+00 -6.033810e-02  3.128774e-03 
 3.860000e+00 -5.882574e-02  2.730930e-03 
 3.870000e+00 -5.620437e-02  2.296041e-03 
 3.880000e+00 -5.271043e-02  1.858635e-03 
 3.890000e+00 -4.857074e-02  1.445348e-03 
 3.900000e+00 -4.399697e-02  1.075475e-03 
 3.910000e+00 -3.918111e-02  7.616699e-04 
 3.920000e+00 -3.429231e-02  5.107618e-04 
 3.930000e+00 -2.947491e-02  3.246373e-04 
 3.940000e+00 -2.484764e-02  2.011505e-04 
 3.950000e+00 -2.050380e-02  1.350282e-04 
 3.960000e+00 -1.651236e-02  1.187406e-04 
 3.970000e+00 -1.291977e-02  1.433108e-04 
 3.980000e+00 -9.752154e-03  1.990447e-04 
 3.990000e+00 -7.018020e-03  2.761641e-04 
 4.000000e+00 -4.710988e-03  3.653331e-04 
 4.010000e+00 -2.812641e-03  4.580738e-04 
 4.020000e+00 -1.295271e-03  5.470694e-04 
 4.030000e+00 -1.244576e-04  6.263584e-04 
 4.040000e+00  7.385818e-04  6.914302e-04 
 4.050000e+00  1.334924e-03  7.392304e-04 
 4.060000e+00  1.706167e-03  7.680914e-04 
 4.070000e+00  1.892962e-03  7.776029e-04 
 4.080000e+00  1.933846e-03  7.684384e-04 
 4.090000e+00  1.864356e-03  7.421530e-04 
 4.100000e+00  1.716397e-03  7.009682e-04 
 4.110000e+00  1.517854e-03  6.475569e-04 
 4.120000e+00  1.292390e-03  5.848389e-04 
 4.130000e+00  1.059428e-03  5.157975e-04 
 4.140000e+00  8.342756e-04  4.433225e-04 
 4.150000e+00  6.283581e-04  3.700836e-04 
 4.160000e+00  4.495481e-04  2.984364e-04 
 4.170000e+00  3.025569e-04  2.303600e-04 
 4.180000e+00  1.893694e-04  1.674243e-04 
 4.190000e+00  1.097019e-04  1.107831e-04 
 4.200000e+00  6.146566e-05  6.118958e-05 
 4.210000e+00  4.121832e-05  1.902830e-05 
 4.220000e+00  4.459161e-05 -1.564043e-05 
 4.230000e+00  6.668289e-05 -4.302878e-05 
 4.240000e+00  1.024017e-04 -6.356637e-05 
 4.250000e+00  1.467653e-04 -7.784533e-05 
 4.260000e+00  1.951383e-04 -8.656852e-05 
 4.270000e+00  2.434157e-04 -9.050277e-05 
 4.280000e+00  2.881497e-04 -9.043842e-05 
 4.290000e+00  3.266236e-04 -8.715598e-05 
 4.300000e+00  3.568763e-04 -8.139983e-05 
 4.310000e+00  3.776858e-04 -7.385871e-05 
 4.320000e+00  3.885172e-04 -6.515237e-05 
 4.330000e+00  3.894433e-04 -5.582348e-05 
 4.340000e+00  3.810477e-04 -4.633404e-05 
 4.350000e+00  3.643158e-04 -3.706523e-05 
 4.360000e+00  3.405229e-04 -2.831996e-05 
 4.370000e+00  3.111253e-04 -2.032738e-05 
 4.380000e+00  2.776590e-04 -1.324869e-05 
 4.390000e+00  2.416508e-04 -7.183900e-06 
 4.400000e+00  2.045451e-04 -2.178998e-06 
 4.410000e+00  1.676457e-04  1.766573e-06 
 4.420000e+00  1.320757e-04  4.692404e-06 
 4.430000e+00  9.875266e-05  6.669694e-06 
 4.440000e+00  6.837852e-05  7.794003e-06 
 4.450000e+00  4.144230e-05  8.178304e-06 
 4.460000e+00  1.823272e-05  7.946406e-06 
 4.470000e+00 -1.141477e-06  7.226864e-06 
 4.480000e+00 -1.672607e-05  6.147454e-06 
 4.490000e+00 -2.869321e-05  4.830342e-06 
 4.500000e+00 -3.731248e-05  3.388003e-06 
 4.510000e+00 -4.292293e-05  1.919993e-06 
 4.520000e+00 -4.590727e-05  5.106033e-07 
 4.530000e+00 -4.666921e-05 -7.725892e-07 
 4.540000e+00 -4.561435e-05 -1.879279e-06 
 4.550000e+00 -4.313481e-05 -2.776172e-06 
 4.560000e+00 -3.959766e-05 -3.445993e-06 
 4.570000e+00 -3.533660e-05 -3.885875e-06 
 4.580000e+00 -3.064683e-05 -4.105286e-06 
 4.590000e+00 -2.578229e-05 -4.123639e-06 
 4.600000e+00 -2.095506e-05 -3.967743e-06 
 4.610000e+00 -1.633627e-05 -3.669252e-06 
 4.620000e+00 -1.205817e-05 -3.262238e-06 
 4.630000e+00 -8.216997e-06 -2.781015e-06 
 4.640000e+00 -4.876347e-06 -2.258277e-06 
 4.650000e+00 -2.070845e-06 -1.723633e-06 
 4.660000e+00  1.900705e-07 -1.202537e-06 
 4.670000e+00  1.918317e-06 -7.156410e-07 
 4.680000e+00  3.143395e-06 -2.785108e-07 
 4.690000e+00  3.908706e-06  9.831252e-08 
 4.700000e+00  4.268012e-06  4.089819e-07 
 4.710000e+00  4.282066e-06  6.518051e-07 
 4.720000e+00  4.015459e-06  8.285686e-07 
 4.730000e+00  3.533723e-06  9.437896e-07 
 4.740000e+00  2.900740e-06  1.003957e-06 
 4.750000e+00  2.176496e-06  1.016811e-06 
 4.760000e+00  1.415239e-06  9.906944e-07 
 4.770000e+00  6.640459e-07  9.340082e-07 
 4.780000e+00 -3.815082e-08  8.547813e-07 
 4.790000e+00 -6.610988e-07  7.603548e-07 
 4.800000e+00 -1.183324e-06  6.571798e-07 
 4.810000e+00 -1.591833e-06  5.507129e-07 
 4.820000e+00 -1.881464e-06  4.453936e-07 
 4.830000e+00 -2.053963e-06  3.446845e-07 
 4.840000e+00 -2.116843e-06  2.511550e-07 
 4.850000e+00 -2.082120e-06  1.665916e-07 
 4.860000e+00 -1.965000e-06  9.211776e-08 
 4.870000e+00 -1.782591e-06  2.831372e-08 
 4.880000e+00 -1.552703e-06 -2.467421e-08 
 4.890000e+00 -1.292801e-06 -6.703851e-08 
 4.900000e+00 -1.019128e-06 -9.923210e-08 
 4.910000e+00 -7.460397e-07 -1.219062e-07 
 4.920000e+00 -4.855544e-07 -1.358625e-07 
 4.930000e+00 -2.471003e-07 -1.420157e-07 
 4.940000e+00 -3.745744e-08 -1.413639e-07 
 4.950000e+00  1.391430e-07 -1.349633e-07 
 4.960000e+00  2.807905e-07 -1.239037e-07 
 4.970000e+00  3.875754e-07 -1.092841e-07 
 4.980000e+00  4.612135e-07 -9.218716e-08 
 4.990000e+00  5.046479e-07 -7.365211e-08 
 5.000000e+00  5.216570e-07 -5.464780e-08 
 5.010000e+00  5.164929e-07 -3.604673e-08 
 5.020000e+00  4.935657e-07 -1.860180e-08 
 5.030000e+00  4.571861e-07 -2.927667e-09 
 5.040000e+00  4.113688e-07  1.051209e-08 
 5.050000e+00  3.596979e-07  2.141082e-08 
 5.060000e+00  3.052481e-07  2.961717e-08 
 5.070000e+00  2.505540e-07  3.512625e-08 
 5.080000e+00  1.976187e-07  3.806398e-08 
 5.090000e+00  1.479501e-07  3.866613e-08 
 5.100000e+00  1.026159e-07  3.725331e-08 
 5.110000e+00  6.230815e-08  3.420381e-08 
 5.120000e+00  2.740931e-08  2.992612e-08 
 5.130000e+00 -1.944644e-09  2.483278e-08 
 5.140000e+00 -2.580878e-08  1.931713e-08 
 5.150000e+00 -4.438266e-08  1.373410e-08 
 5.160000e+00 -5.797335e-08  8.385701e-09 
 5.170000e+00 -6.696726e-08  3.511853e-09 
 5.180000e+00 -7.180912e-08 -7.138520e-10 
 5.190000e+00 -7.298636e-08 -4.183583e-09 
 5.200000e+00 -7.101681e-08 -6.850716e-09 
 5.210000e+00 -6.643794e-08 -8.722138e-09 
 5.220000e+00 -5.979643e-08 -9.848401e-09 
 5.230000e+00 -5.163705e-08 -1.031274e-08 
 5.240000e+00 -4.249060e-08 -1.021985e-08 
 5.250000e+00 -3.286114e-08 -9.685324e-09 
 5.260000e+00 -2.321296e-08 -8.826277e-09 
 5.270000e+00 -1.395813e-08 -7.753678e-09 
 5.280000e+00 -5.445597e-09 -6.566619e-09 
 5.290000e+00  2.047381e-09 -5.348557e-09 
 5.300000e+00  8.320653e-09 -4.165442e-09 
 5.310000e+00  1.325301e-08 -3.065494e-09 
 5.320000e+00  1.680024e-08 -2.080312e-09 
 5.330000e+00  1.898950e-08 -1.226943e-09 
 5.340000e+00  1.991044e-08 -5.105596e-10 
 5.350000e+00  1.970379e-08  7.262718e-11 
 5.360000e+00  1.854812e-08  5.324917e-10 
 5.370000e+00  1.664585e-08  8.824067e-10 
 5.380000e+00  1.420935e-08  1.137095e-09 
 5.390000e+00  1.144798e-08  1.311007e-09 
 5.400000e+00  8.556875e-09  1.417249e-09 
 5.410000e+00  5.707974e-09  1.467016e-09 
 5.420000e+00  3.043561e-09  1.469464e-09 
 5.430000e+00  6.725447e-10  1.431903e-09 
 5.440000e+00 -1.330699e-09  1.360207e-09 
 5.450000e+00 -2.925159e-09  1.259324e-09 
 5.460000e+00 -4.100091e-09  1.133786e-09 
 5.470000e+00 -4.870484e-09  9.881358e-10 
 5.480000e+00 -5.271614e-09  8.272304e-10 
 5.490000e+00 -5.353194e-09  6.563791e-10 
 5.500000e+00 -5.173600e-09  4.813251e-10 
 5.510000e+00 -4.794551e-09  3.080848e-10 
 5.520000e+00 -4.276562e-09  1.426808e-10 
 5.530000e+00 -3.675340e-09 -9.187272e-12 
 5.540000e+00 -3.039225e-09 -1.424888e-10 
 5.550000e+00 -2.407661e-09 -2.531783e-10 
 5.560000e+00 -1.810626e-09 -3.384465e-10 
 5.570000e+00 -1.268852e-09 -3.968786e-10 
 5.580000e+00 -7.946905e-10 -4.285051e-10 
 5.590000e+00 -3.933866e-10 -4.347434e-10 
 5.600000e+00 -6.460221e-11 -4.182389e-10 
 5.610000e+00  1.960085e-10 -3.826236e-10 
 5.620000e+00  3.953076e-10 -3.322180e-10 
 5.630000e+00  5.413753e-10 -2.717038e-10 
 5.640000e+00  6.424756e-10 -2.057966e-10 
 5.650000e+00  7.063146e-10 -1.389443e-10 
 5.660000e+00  7.395902e-10 -7.507272e-11 
 5.670000e+00  7.478028e-10 -1.739502e-11 
 5.680000e+00  7.352781e-10  3.170858e-11 
 5.690000e+00  7.053431e-10  7.073735e-11 
 5.700000e+00  6.605927e-10  9.904861e-11 
 5.710000e+00  6.031876e-10  1.167777e-10 
 5.720000e+00  5.351343e-10  1.247130e-10 
 5.730000e+00  4.585095e-10  1.241411e-10 
 5.740000e+00  3.756054e-10  1.166792e-10 
 5.750000e+00  2.889861e-10  1.041075e-10 
 5.760000e+00  2.014590e-10  8.821702e-11 
 5.770000e+00  1.159742e-10  7.068010e-11 
 5.780000e+00  3.547210e-11  5.295217e-11 
 5.790000e+00 -3.729556e-11  3.620621e-11 
 5.800000e+00 -9.994673e-11  2.130052e-11 
 5.810000e+00 -1.506294e-10  8.776643e-12 
 5.820000e+00 -1.881428e-10 -1.117496e-12 
 5.830000e+00 -2.120070e-10 -8.385420e-12 
 5.840000e+00 -2.224753e-10 -1.322780e-11 
 5.850000e+00 -2.204900e-10 -1.598263e-11 
 5.860000e+00 -2.075874e-10 -1.706603e-11 
 5.870000e+00 -1.857639e-10 -1.691843e-11 
 5.880000e+00 -1.573154e-10 -1.595999e-11 
 5.890000e+00 -1.246672e-10 -1.455724e-11 
 5.900000e+00 -9.020717e-11 -1.300188e-11 
 5.910000e+00 -5.613644e-11 -1.150128e-11 
 5.920000e+00 -2.434780e-11 -1.017925e-11 
 5.930000e+00  3.661464e-12 -9.085121e-12 
 5.940000e+00  2.683865e-11 -8.208521e-12 
 5.950000e+00  4.458726e-11 -7.497383e-12 
 5.960000e+00  5.674425e-11 -6.876716e-12 
 5.970000e+00  6.352906e-11 -6.266085e-12 
 5.980000e+00  6.547166e-11 -5.594202e-12 
 5.990000e+00  6.332818e-11 -4.809588e-12 
 6.000000e+00  5.799227e-11 -3.886854e-12 
 6.010000e+00  5.040964e-11 -2.828607e-12 
 6.020000e+00  4.150219e-11 -1.663503e-12 
 6.030000e+00  3.210606e-11 -4.412105e-13 
 6.040000e+00  2.292649e-11  7.746980e-13 
 6.050000e+00  1.451039e-11  1.914866e-12 
 6.060000e+00  7.235909e-12  2.912262e-12 
 6.070000e+00  1.317102e-12  3.709398e-12 
 6.080000e+00 -3.179318e-12  4.263968e-12 
 6.090000e+00 -6.308528e-12  4.552498e-12 
 6.100000e+00 -8.217120e-12  4.571817e-12 
 6.110000e+00 -9.111034e-12  4.338420e-12 
 6.120000e+00 -9.224911e-12  3.886007e-12 
 6.130000e+00 -8.795216e-12  3.261604e-12 
 6.140000e+00 -8.038778e-12  2.520788e-12 
 6.150000e+00 -7.137612e-12  1.722570e-12 
 6.160000e+00 -6.230185e-12  9.244215e-13 
 6.170000e+00 -5.408698e-12  1.779240e-13 
 6.180000e+00 -4.721468e-12 -4.746562e-13 
 6.190000e+00 -4.179217e-12 -1.002644e-12 
 6.200000e+00 -3.763906e-12 -1.388016e-12 
 6.210000e+00 -3.438759e-12 -1.625283e-12 
 6.220000e+00 -3.158254e-12 -1.720357e-12 
 6.230000e+00 -2.877071e-12 -1.688616e-12 
 6.240000e+00 -2.557243e-12 -1.552437e-12 
 6.250000e+00 -2.173088e-12 -1.338488e-12 
 6.260000e+00 -1.713759e-12 -1.075026e-12 
 6.270000e+00 -1.183538e-12 -7.894577e-13 
 6.280000e+00 -6.001884e-13 -5.063123e-13 
 6.290000e+00  8.162414e-15 -2.457560e-13 
 6.300000e+00  6.070561e-13 -2.269158e-14 
 6.310000e+00  1.160094e-12  1.535664e-13 
 6.320000e+00  1.633157e-12  2.790998e-13 
 6.330000e+00  1.998026e-12  3.547748e-13 
 6.340000e+00  2.235079e-12  3.853272e-13 
 6.350000e+00  2.334885e-12  3.782741e-13 
 6.360000e+00  2.298648e-12  3.427713e-13 
 6.370000e+00  2.137577e-12  2.885277e-13 
 6.380000e+00  1.871337e-12  2.248590e-13 
 6.390000e+00  1.525850e-12  1.599421e-13 
 6.400000e+00  1.130701e-12  1.003018e-13 
 6.410000e+00  7.164490e-13  5.053604e-14 
 6.420000e+00  3.121037e-13  1.326362e-14 
 6.430000e+00 -5.702658e-14 -1.073790e-14 
 6.440000e+00 -3.709448e-13 -2.224908e-14 
 6.450000e+00 -6.159563e-13 -2.323024e-14 
 6.460000e+00 -7.850194e-13 -1.639832e-14 
 6.470000e+00 -8.774984e-13 -4.805463e-15 
 6.480000e+00 -8.984135e-13  8.542004e-15 
 6.490000e+00 -8.573146e-13  2.099512e-14 
 6.500000e+00 -7.669244e-13  3.048630e-14 
 6.510000e+00 -6.416995e-13  3.565846e-14 
 6.520000e+00 -4.964455e-13  3.590176e-14 
 6.530000e+00 -3.450971e-13  3.130861e-14 
 6.540000e+00 -1.997481e-13  2.256356e-14 
 6.550000e+00 -6.997622e-14  1.078844e-14 
 6.560000e+00  3.751897e-14 -2.635805e-15 
 6.570000e+00  1.189828e-13 -1.624982e-14 
 6.580000e+00  1.734144e-13 -2.868089e-14 
 6.590000e+00  2.021746e-13 -3.877827e-14 
 6.600000e+00  2.084587e-13 -4.570939e-14 
 6.610000e+00  1.967001e-13 -4.901239e-14 
 6.620000e+00  1.719692e-13 -4.860553e-14 
 6.630000e+00  1.394202e-13 -4.475776e-14 
 6.640000e+00  1.038261e-13 -3.802830e-14 
 6.650000e+00  6.922855e-14 -2.918470e-14 
 6.660000e+00  3.871384e-14 -1.911011e-14 
 6.670000e+00  1.431441e-14 -8.709987e-15 
 6.680000e+00 -2.977403e-15  1.172655e-15 
 6.690000e+00 -1.310276e-14  9.826413e-15 
 6.700000e+00 -1.676252e-14  1.672026e-14 
 6.710000e+00 -1.520317e-14  2.152987e-14 
 6.720000e+00 -9.988781e-15  2.414174e-14 
 6.730000e+00 -2.782363e-15  2.463754e-14 
 6.740000e+00  4.844915e-15  2.326267e-14 
 6.750000e+00  1.156321e-14  2.038402e-14 
 6.760000e+00  1.638489e-14  1.644227e-14 
 6.770000e+00  1.871502e-14  1.190396e-14 
 6.780000e+00  1.835437e-14  7.217753e-15 
 6.790000e+00  1.546205e-14  2.778374e-15 
 6.800000e+00  1.048736e-14 -1.099524e-15 
 6.810000e+00  4.081935e-15 -4.196603e-15 
 6.820000e+00 -2.996434e-15 -6.393374e-15 
 6.830000e+00 -9.977802e-15 -7.665181e-15 
 6.840000e+00 -1.616300e-14 -8.069529e-15 
 6.850000e+00 -2.098888e-14 -7.728063e-15 
 6.860000e+00 -2.407185e-14 -6.805678e-15 
 6.870000e+00 -2.522813e-14 -5.489083e-15 
 6.880000e+00 -2.447181e-14 -3.966862e-15 
 6.890000e+00 -2.199360e-14 -2.412565e-15 
 6.900000e+00 -1.812475e-14 -9.718877e-16 
 6.910000e+00 -1.329143e-14  2.455882e-16 
 6.920000e+00 -7.965162e-15  1.170076e-15 
 6.930000e+00 -2.614605e-15  1.771108e-15 
 6.940000e+00  2.336884e-15  2.053621e-15 
 6.950000e+00  6.544513e-15  2.051506e-15 
 6.960000e+00  9.764083e-15  1.819618e-15 
 6.970000e+00  1.186207e-14  1.425196e-15 
 6.980000e+00  1.281429e-14  9.395575e-16 
 6.990000e+00  1.269468e-14  4.307546e-16 
 7.000000e+00  1.165655e-14 -4.230478e-17 
 7.010000e+00  9.909056e-15 -4.339765e-16 
 7.020000e+00  7.691611e-15 -7.141435e-16 
 7.030000e+00  5.249086e-15 -8.687011e-16 
 7.040000e+00  2.809830e-15 -8.984875e-16 
 7.050000e+00  5.682612e-16 -8.169827e-16 
 7.060000e+00 -1.327045e-15 -6.471619e-16 
 7.070000e+00 -2.779445e-15 -4.179085e-16 
 7.080000e+00 -3.744775e-15 -1.603727e-16 
 7.090000e+00 -4.227129e-15  9.538369e-17 
 7.100000e+00 -4.270976e-15  3.231865e-16 
 7.110000e+00 -3.950880e-15  5.028071e-16 
 7.120000e+00 -3.360146e-15  6.211842e-16 
 7.130000e+00 -2.599590e-15  6.728017e-16 
 7.140000e+00 -1.767423e-15  6.592954e-16 
 7.150000e+00 -9.510088e-16  5.884229e-16 
 7.160000e+00 -2.209193e-16  4.725730e-16 
 7.170000e+00  3.725322e-16  3.270169e-16 
 7.180000e+00  8.003787e-16  1.680965e-16 
 7.190000e+00  1.053995e-15  1.153444e-17 
 7.200000e+00  1.142435e-15 -1.289883e-16 
 7.210000e+00  1.088616e-15 -2.428814e-16 
 7.220000e+00  9.248891e-16 -3.232654e-16 
 7.230000e+00  6.884707e-16 -3.671576e-16 
 7.240000e+00  4.171866e-16 -3.752598e-16 
 7.250000e+00  1.458384e-16 -3.514223e-16 
 7.260000e+00 -9.657394e-17 -3.018762e-16 
 7.270000e+00 -2.886644e-16 -2.343408e-16 
 7.280000e+00 -4.174944e-16 -1.571086e-16 
 7.290000e+00 -4.785041e-16 -7.819929e-17 
 7.300000e+00 -4.746812e-16 -4.657483e-18 
 7.310000e+00 -4.151554e-16  5.795898e-17 
 7.320000e+00 -3.134267e-16  1.058760e-16 
 7.330000e+00 -1.854391e-16  1.371888e-16 
 7.340000e+00 -4.769489e-17  1.517588e-16 
 7.350000e+00  8.442526e-17  1.509605e-16 
 7.360000e+00  1.980101e-16  1.373258e-16 
 7.370000e+00  2.835534e-16  1.141347e-16 
 7.380000e+00  3.354446e-16  8.499928e-17 
 7.390000e+00  3.520255e-16  5.348333e-17 
 7.400000e+00  3.352631e-16  2.278621e-17 
 7.410000e+00  2.901181e-16 -4.488192e-18 
 7.420000e+00  2.237051e-16 -2.647041e-17 
 7.430000e+00  1.443507e-16 -4.207454e-17 
 7.440000e+00  6.065124e-17 -5.096828e-17 
 7.450000e+00 -1.938030e-17 -5.347990e-17 
 7.460000e+00 -8.900552e-17 -5.046094e-17 
 7.470000e+00 -1.432442e-16 -4.312461e-17 
 7.480000e+00 -1.791283e-16 -3.287826e-17 
 7.490000e+00 -1.957315e-16 -2.116597e-17 
 7.500000e+00 -1.939988e-16 -9.333460e-18 
 7.510000e+00 -1.764193e-16  1.476695e-18 
 7.520000e+00 -1.465939e-16  1.039546e-17 
 7.530000e+00 -1.087531e-16  1.686296e-17 
 7.540000e+00 -6.727875e-17  2.063164e-17 
 7.550000e+00 -2.627671e-17  2.174174e-17 
 7.560000e+00  1.076557e-17  2.047528e-17 
 7.570000e+00  4.121419e-17  1.729555e-17 
 7.580000e+00  6.340944e-17  1.277941e-17 
 7.590000e+00  7.667673e-17  7.549017e-18 
 7.600000e+00  8.124295e-17  2.208933e-18 
 7.610000e+00  7.808026e-17 -2.706977e-18 
 7.620000e+00  6.870318e-17 -6.775389e-18 
 7.630000e+00  5.494591e-17 -9.708356e-18 
 7.640000e+00  3.874423e-17 -1.136272e-17 
 7.650000e+00  2.194253e-17 -1.173511e-17 
 7.660000e+00  6.140328e-18 -1.094474e-17 
 7.670000e+00 -7.413724e-18 -9.206887e-18 
 7.680000e+00 -1.787834e-17 -6.800726e-18 
 7.690000e+00 -2.482957e-17 -4.034897e-18 
 7.700000e+00 -2.823102e-17 -1.214437e-18 
 7.710000e+00 -2.837374e-17  1.388010e-18 
 7.720000e+00 -2.579624e-17  3.554371e-18 
 7.730000e+00 -2.119539e-17  5.135340e-18 
 7.740000e+00 -1.533791e-17  6.056145e-18 
 7.750000e+00 -8.980305e-18  6.314353e-18 
 7.760000e+00 -2.802866e-18  5.970899e-18 
 7.770000e+00  2.638964e-18  5.136021e-18 
 7.780000e+00  6.944564e-18  3.952126e-18 
 7.790000e+00  9.879953e-18  2.575674e-18 
 7.800000e+00  1.137328e-17  1.160073e-18 
 7.810000e+00  1.149686e-17 -1.587998e-19 
 7.820000e+00  1.043936e-17 -1.273309e-18 
 7.830000e+00  8.471869e-18 -2.110464e-18 
 7.840000e+00  5.911760e-18 -2.633982e-18 
 7.850000e+00  3.087551e-18 -2.842445e-18 
 7.860000e+00  3.076362e-19 -2.764274e-18 
 7.870000e+00 -2.165057e-18 -2.450497e-18 
 7.880000e+00 -4.131122e-18 -1.966370e-18 
 7.890000e+00 -5.464767e-18 -1.382887e-18 
 7.900000e+00 -6.116048e-18 -7.690857e-19 
 7.910000e+00 -6.105933e-18 -1.858089e-19 
 7.920000e+00 -5.515495e-18  3.187091e-19 
 7.930000e+00 -4.470867e-18  7.113070e-19 
 7.940000e+00 -3.125819e-18  9.745141e-19 
 7.950000e+00 -1.643837e-18  1.105575e-18 
 7.960000e+00 -1.814154e-19  1.114247e-18 
 7.970000e+00  1.126012e-18  1.019791e-18 
 7.980000e+00  2.174457e-18  8.476086e-19 
 7.990000e+00  2.897503e-18  6.259032e-19 
 8.000000e+00  3.268048e-18  3.826881e-19 
 8.010000e+00  3.296000e-18  1.433425e-19 
 8.020000e+00  3.022630e-18 -7.117726e-20 
 8.030000e+00  2.512544e-18 -2.454407e-19 
 8.040000e+00  1.844382e-18 -3.699892e-19 
 8.050000e+00  1.101331e-18 -4.411999e-19 
 8.060000e+00  3.624348e-19 -4.606791e-19 
 8.070000e+00 -3.045256e-19 -4.343180e-19 
 8.080000e+00 -8.480770e-19 -3.711498e-19 
 8.090000e+00 -1.235772e-18 -2.821320e-19 
 8.100000e+00 -1.454625e-18 -1.789565e-19 
 8.110000e+00 -1.509533e-18 -7.296565e-20 
 8.120000e+00 -1.420149e-18  2.576364e-20 
 8.130000e+00 -1.216750e-18  1.091223e-19 
 8.140000e+00 -9.356961e-19  1.714254e-19 
 8.150000e+00 -6.149847e-19  2.096102e-19 
 8.160000e+00 -2.903513e-19  2.231867e-19 
 8.170000e+00  7.792166e-21  2.139714e-19 
 8.180000e+00  2.563980e-19  1.856520e-19 
 8.190000e+00  4.407666e-19  1.432383e-19 
 8.200000e+00  5.545497e-19  9.245583e-20 
 8.210000e+00  5.989447e-19  3.913665e-20 
 8.220000e+00  5.813087e-19 -1.133920e-20 
 8.230000e+00  5.134342e-19 -5.450587e-20 
 8.240000e+00  4.097165e-19 -8.713907e-20 
 8.250000e+00  2.854046e-19 -1.074259e-19 
 8.260000e+00  1.550835e-19 -1.149745e-19 
 8.270000e+00  3.148452e-20 -1.106797e-19 
 8.280000e+00 -7.532820e-20 -9.647687e-20 
 8.290000e+00 -1.583937e-19 -7.502307e-20 
 8.300000e+00 -2.139461e-19 -4.934458e-20 
 8.310000e+00 -2.412203e-19 -2.248928e-20 
 8.320000e+00 -2.420408e-19  2.783260e-21 
 8.330000e+00 -2.202641e-19  2.424520e-20 
 8.340000e+00 -1.811451e-19  4.035708e-20 
 8.350000e+00 -1.306882e-19  5.032959e-20 
 8.360000e+00 -7.503755e-20  5.409599e-20 
 8.370000e+00 -1.994341e-20  5.221219e-20 
 8.380000e+00  2.966592e-20  4.570769e-20 
 8.390000e+00  6.999298e-20  3.591106e-20 
 8.400000e+00  9.855248e-20  2.427122e-20 
 8.410000e+00  1.142250e-19  1.219247e-20 
 8.420000e+00  1.171905e-19  8.986119e-22 
 8.430000e+00  1.087592e-19 -8.662771e-21 
 8.440000e+00  9.112291e-20 -1.587018e-20 
 8.450000e+00  6.705782e-20 -2.043411e-20 
 8.460000e+00  3.960660e-20 -2.236699e-20 
 8.470000e+00  1.176952e-20 -2.192827e-20 
 8.480000e+00 -1.377061e-20 -1.955580e-20 
 8.490000e+00 -3.486684e-20 -1.579274e-20 
 8.500000e+00 -5.005329e-20 -1.121713e-20 
 8.510000e+00 -5.860845e-20 -6.380648e-21 
 8.520000e+00 -6.053847e-20 -1.761168e-21 
 8.530000e+00 -5.649106e-20  2.267597e-21 
 8.540000e+00 -4.761630e-20  5.449696e-21 
 8.550000e+00 -3.539361e-20  7.646481e-21 
 8.560000e+00 -2.144447e-20  8.826235e-21 
 8.570000e+00 -7.351090e-21  9.047631e-21 
 8.580000e+00  5.499986e-21  8.439619e-21 
 8.590000e+00  1.603398e-20  7.179532e-21 
 8.600000e+00  2.355497e-20  5.471049e-21 
 8.610000e+00  2.776334e-20  3.523798e-21 
 8.620000e+00  2.872984e-20  1.536158e-21 
 8.630000e+00  2.683596e-20 -3.179754e-22 
 8.640000e+00  2.269134e-20 -1.898505e-21 
 8.650000e+00  1.703893e-20 -3.105062e-21 
 8.660000e+00  1.065863e-20 -3.879916e-21 
 8.670000e+00  4.280427e-21 -4.207915e-21 
 8.680000e+00 -1.483476e-21 -4.113421e-21 
 8.690000e+00 -6.181898e-21 -3.654427e-21 
 8.700000e+00 -9.542474e-21 -2.914459e-21 
 8.710000e+00 -1.146752e-20 -1.993049e-21 
 8.720000e+00 -1.201347e-20 -9.956434e-22 
 8.730000e+00 -1.135917e-20 -2.369209e-23 
 8.740000e+00 -9.767673e-21  8.342840e-22 
 8.750000e+00 -7.545729e-21  1.509853e-21 
 8.760000e+00 -5.005496e-21  1.959363e-21 
 8.770000e+00 -2.432743e-21  2.165766e-21 
 8.780000e+00 -6.449502e-23  2.137614e-21 
 8.790000e+00  1.923232e-21  1.905597e-21 
 8.800000e+00  3.419022e-21  1.517214e-21 
 8.810000e+00  4.373280e-21  1.030233e-21 
 8.820000e+00  4.791159e-21  5.056487e-22 
 8.830000e+00  4.722528e-21  9.228517e-25 
 8.840000e+00  4.250023e-21 -4.357190e-22 
 8.850000e+00  3.476359e-21 -7.693183e-22 
 8.860000e+00  2.512324e-21 -9.802286e-22 
 8.870000e+00  1.466677e-21 -1.064200e-21 
 8.880000e+00  4.384405e-22 -1.030774e-21 
 8.890000e+00 -4.885812e-22 -9.004009e-22 
 8.900000e+00 -1.249583e-21 -7.007224e-22 
 8.910000e+00 -1.801137e-21 -4.625407e-22 
 8.920000e+00 -2.122116e-21 -2.159734e-22 
 8.930000e+00 -2.212991e-21  1.273281e-23 
 8.940000e+00 -2.093473e-21  2.034225e-22 
 8.950000e+00 -1.798841e-21  3.431851e-22 
 8.960000e+00 -1.375441e-21  4.265191e-22 
 8.970000e+00 -8.758461e-22  4.546809e-22 
 8.980000e+00 -3.539775e-22  4.344114e-22 
 8.990000e+00  1.395863e-22  3.762528e-22 
 9.000000e+00  5.618403e-22  2.926947e-22 
 9.010000e+00  8.807607e-22  1.964199e-22 
 9.020000e+00  1.077494e-21  9.889171e-23 
 9.030000e+00  1.147052e-21  9.420605e-24 
 9.040000e+00  1.097482e-21 -6.528866e-23 
 9.050000e+00  9.477129e-22 -1.212083e-22 
 9.060000e+00  7.244785e-22 -1.567998e-22 
 9.070000e+00  4.587689e-22 -1.726542e-22 
 9.080000e+00  1.822342e-22 -1.710104e-22 
 9.090000e+00 -7.610288e-23 -1.551941e-22 
 9.100000e+00 -2.925515e-22 -1.290519e-22 
 9.110000e+00 -4.506552e-22 -9.646660e-23 
 9.120000e+00 -5.421379e-22 -6.102334e-23 
 9.130000e+00 -5.668287e-22 -2.583542e-23 
 9.140000e+00 -5.316420e-22  6.516435e-24 
 9.150000e+00 -4.488390e-22  3.400100e-23 
 9.160000e+00 -3.339028e-22  5.515759e-23 
 9.170000e+00 -2.033731e-22  6.912599e-23 
 9.180000e+00 -7.291307e-23  7.565815e-23 
 9.190000e+00  4.422493e-23  7.508369e-23 
 9.200000e+00  1.382530e-22  6.822494e-23 
 9.210000e+00  2.033813e-22  5.628380e-23 
 9.220000e+00  2.378274e-22  4.072810e-23 
 9.230000e+00  2.433476e-22  2.318948e-23 
 9.240000e+00  2.244139e-22  5.360518e-24 
 9.250000e+00  1.872138e-22 -1.112873e-23 
 9.260000e+00  1.386556e-22 -2.485894e-23 
 9.270000e+00  8.550565e-23 -3.477028e-23 
 9.280000e+00  3.372058e-23 -4.026993e-23 
 9.290000e+00 -1.201243e-23 -4.126642e-23 
 9.300000e+00 -4.852144e-23 -3.812837e-23 
 9.310000e+00 -7.418030e-23 -3.159374e-23 
 9.320000e+00 -8.874369e-23 -2.266127e-23 
 9.330000e+00 -9.304490e-23 -1.247985e-23 
 9.340000e+00 -8.864357e-23 -2.232439e-24 
 9.350000e+00 -7.750250e-23  6.991162e-24 
 9.360000e+00 -6.173279e-23  1.432111e-23 
 9.370000e+00 -4.340382e-23  1.920428e-23 
 9.380000e+00 -2.439831e-23  2.144155e-23 
 9.390000e+00 -6.303930e-24  2.115916e-23 
 9.400000e+00  9.650446e-24  1.873563e-23 
 9.410000e+00  2.260548e-23  1.471707e-23 
 9.420000e+00  3.203913e-23  9.741837e-24 
 9.430000e+00  3.771854e-23  4.473642e-24 
 9.440000e+00  3.966247e-23 -4.674363e-25 
 9.450000e+00  3.812130e-23 -4.577301e-24 
 9.460000e+00  3.356210e-23 -7.527522e-24 
 9.470000e+00  2.664009e-23 -9.190040e-24 
 9.480000e+00  1.814800e-23 -9.617659e-24 
 9.490000e+00  8.948588e-24 -8.993122e-24 
 9.500000e+00 -9.852408e-26 -7.572242e-24 
 9.510000e+00 -8.207116e-24 -5.640485e-24 
 9.520000e+00 -1.472763e-23 -3.485101e-24 
 9.530000e+00 -1.919957e-23 -1.372486e-24 
 9.540000e+00 -2.138666e-23  4.773295e-25 
 9.550000e+00 -2.128860e-23  1.915482e-24 
 9.560000e+00 -1.912755e-23  2.876624e-24 
 9.570000e+00 -1.531294e-23  3.370922e-24 
 9.580000e+00 -1.039020e-23  3.459824e-24 
 9.590000e+00 -4.977231e-24  3.228696e-24 
 9.600000e+00  3.077226e-25  2.767946e-24 
 9.610000e+00  4.919317e-24  2.164861e-24 
 9.620000e+00  8.446570e-24  1.500278e-24 
 9.630000e+00  1.064933e-23  8.438599e-25 
 9.640000e+00  1.146405e-23  2.475556e-25 
 9.650000e+00  1.098432e-23 -2.581403e-25 
 9.660000e+00  9.428005e-24 -6.613174e-25 
 9.670000e+00  7.100328e-24 -9.605950e-25 
 9.680000e+00  4.355135e-24 -1.157382e-24 
 9.690000e+00  1.552290e-24 -1.253022e-24 
 9.700000e+00 -9.873433e-25 -1.250767e-24 
 9.710000e+00 -3.021082e-24 -1.158791e-24 
 9.720000e+00 -4.406892e-24 -9.907697e-25 
 9.730000e+00 -5.103902e-24 -7.638698e-25 
 9.740000e+00 -5.155530e-24 -4.965801e-25 
 9.750000e+00 -4.665856e-24 -2.084583e-25 
 9.760000e+00 -3.777810e-24  7.873563e-26 
 9.770000e+00 -2.654627e-24  3.408623e-25 
 9.780000e+00 -1.461210e-24  5.538592e-25 
 9.790000e+00 -3.435897e-25  6.981568e-25 
 9.800000e+00  5.897486e-25  7.626845e-25 
 9.810000e+00  1.277829e-24  7.464653e-25 
 9.820000e+00  1.704623e-24  6.576107e-25 
 9.830000e+00  1.886975e-24  5.110071e-25 
 9.840000e+00  1.860694e-24  3.260341e-25 
 9.850000e+00  1.671073e-24  1.246767e-25 
 9.860000e+00  1.368555e-24 -7.042496e-26 
 9.870000e+00  1.005660e-24 -2.383814e-25 
 9.880000e+00  6.315757e-25 -3.626670e-25 
 9.890000e+00  2.849363e-25 -4.332335e-25 
 9.900000e+00 -1.125143e-26 -4.475245e-25 
 9.910000e+00 -2.490097e-25 -4.102363e-25 
 9.920000e+00 -4.295461e-25 -3.320142e-25 
 9.930000e+00 -5.562558e-25 -2.273801e-25 
 9.940000e+00 -6.309200e-25 -1.122409e-25 
 9.950000e+00 -6.543655e-25 -1.448544e-27 
 9.960000e+00 -6.293298e-25  9.304662e-26 
 9.970000e+00 -5.622124e-25  1.631164e-25 
 9.980000e+00 -4.622181e-25  2.045505e-25 
 9.990000e+00 -3.390612e-25  2.167619e-25 
 1.000000e+01 -2.014960e-25  2.024607e-25 
 1.001000e+01 -5.780489e-26  1.672626e-25 
 1.002000e+01  8.264168e-26  1.189075e-25 
 1.003000e+01  2.086472e-25  6.590610e-26 
 1.004000e+01  3.084139e-25  1.590596e-26 
 1.005000e+01  3.722091e-25 -2.558852e-26 
 1.006000e+01  3.948541e-25 -5.564613e-26 
 1.007000e+01  3.766805e-25 -7.352067e-26 
 1.008000e+01  3.227894e-25 -7.993434e-26 
 1.009000e+01  2.414942e-25 -7.653997e-26 
 1.010000e+01  1.429495e-25 -6.569257e-26 
 1.011000e+01  3.831108e-26 -5.028387e-26 
 1.012000e+01 -6.096215e-26 -3.335850e-26 
 1.013000e+01 -1.441943e-25 -1.751812e-26 
 1.014000e+01 -2.030196e-25 -4.411239e-27 
 1.015000e+01 -2.328048e-25  5.389352e-27 
 1.016000e+01 -2.332644e-25  1.209130e-26 
 1.017000e+01 -2.079751e-25  1.622344e-26 
 1.018000e+01 -1.631263e-25  1.831614e-26 
 1.019000e+01 -1.061703e-25  1.883276e-26 
 1.020000e+01 -4.484210e-26  1.823361e-26 
 1.021000e+01  1.345862e-26  1.698696e-26 
 1.022000e+01  6.225054e-26  1.545871e-26 
 1.023000e+01  9.673399e-26  1.377250e-26 
 1.024000e+01  1.145559e-25  1.178151e-26 
 1.025000e+01  1.161283e-25  9.205994e-27 
 1.026000e+01  1.041967e-25  5.859516e-27 
 1.027000e+01  8.280916e-26  1.823846e-27 
 1.028000e+01  5.621577e-26 -2.526094e-27 
 1.029000e+01  2.819742e-26 -6.646256e-27 
 1.030000e+01  1.920349e-27 -1.001178e-26 
 1.031000e+01 -1.999513e-26 -1.226318e-26 
 1.032000e+01 -3.557147e-26 -1.324588e-26 
 1.033000e+01 -4.381480e-26 -1.295331e-26 
 1.034000e+01 -4.501793e-26 -1.144576e-26 
 1.035000e+01 -4.067072e-26 -8.825225e-27 
 1.036000e+01 -3.290221e-26 -5.291606e-27 
 1.037000e+01 -2.374766e-26 -1.223420e-27 
 1.038000e+01 -1.465915e-26  2.815429e-27 
 1.039000e+01 -6.461902e-27  6.197833e-27 
 1.040000e+01  3.897303e-28  8.436544e-27 
 1.041000e+01  5.577433e-27  9.342046e-27 
 1.042000e+01  8.904496e-27  9.030214e-27 
 1.043000e+01  1.043534e-26  7.785869e-27 
 1.044000e+01  1.056952e-26  5.896941e-27 
 1.045000e+01  9.911458e-27  3.584223e-27 
 1.046000e+01  9.004519e-27  1.054183e-27 
 1.047000e+01  8.124334e-27 -1.413952e-27 
 1.048000e+01  7.266068e-27 -3.463934e-27 
 1.049000e+01  6.291982e-27 -4.774261e-27 
 1.050000e+01  5.093266e-27 -5.203451e-27 
 1.051000e+01  3.651503e-27 -4.847763e-27 
 1.052000e+01  2.003767e-27 -3.963179e-27 
 1.053000e+01  1.967861e-28 -2.817874e-27 
 1.054000e+01 -1.705478e-27 -1.591473e-27 
 1.055000e+01 -3.576800e-27 -3.820674e-28 
 1.056000e+01 -5.210343e-27  7.206252e-28 
 1.057000e+01 -6.364442e-27  1.589747e-27 
 1.058000e+01 -6.846650e-27  2.095920e-27 
 1.059000e+01 -6.577980e-27  2.187156e-27 
 1.060000e+01 -5.603623e-27  1.932726e-27 
 1.061000e+01 -4.063585e-27  1.485122e-27 
 1.062000e+01 -2.157484e-27  9.918586e-28 
 1.063000e+01 -1.204073e-28  5.318262e-28 
 1.064000e+01  1.799578e-27  1.214698e-28 
 1.065000e+01  3.374914e-27 -2.320529e-28 
 1.066000e+01  4.436843e-27 -4.928695e-28 
 1.067000e+01  4.898610e-27 -6.118125e-28 
 1.068000e+01  4.753761e-27 -5.751933e-28 
 1.069000e+01  4.061537e-27 -4.330929e-28 
 1.070000e+01  2.938208e-27 -2.747893e-28 
 1.071000e+01  1.555958e-27 -1.710483e-28 
 1.072000e+01  1.301879e-28 -1.339102e-28 
 1.073000e+01 -1.121341e-27 -1.264596e-28 
 1.074000e+01 -2.036666e-27 -1.083636e-28 
 1.075000e+01 -2.549736e-27 -7.310670e-29 
 1.076000e+01 -2.684061e-27 -4.565599e-29 
 1.077000e+01 -2.507371e-27 -4.885871e-29 
 1.078000e+01 -2.086407e-27 -7.441919e-29 
 1.079000e+01 -1.477093e-27 -8.613559e-29 
 1.080000e+01 -7.487621e-28 -5.061240e-29 
 1.081000e+01 -6.855454e-30  3.397430e-29 
 1.082000e+01  6.202849e-28  1.360646e-28 
 1.083000e+01  1.029390e-27  2.148700e-28 
 1.084000e+01  1.188364e-27  2.476901e-28 
 1.085000e+01  1.142208e-27  2.384449e-28 
 1.086000e+01  9.739945e-28  2.048449e-28 
 1.087000e+01  7.532303e-28  1.597633e-28 
 1.088000e+01  5.111964e-28  1.038522e-28 
 1.089000e+01  2.555574e-28  3.301904e-29 
 1.090000e+01  1.680918e-30 -4.951891e-29 
 1.091000e+01 -2.129358e-28 -1.290769e-28 
 1.092000e+01 -3.446524e-28 -1.865299e-28 
 1.093000e+01 -3.736788e-28 -2.094370e-28 
 1.094000e+01 -3.196579e-28 -1.978104e-28 
 1.095000e+01 -2.290554e-28 -1.611468e-28 
 1.096000e+01 -1.458833e-28 -1.109430e-28 
 1.097000e+01 -8.981876e-29 -5.534645e-29 
 1.098000e+01 -5.630926e-29  9.541010e-31 
 1.099000e+01 -3.307368e-29  5.363240e-29 
 1.100000e+01 -1.542642e-29  9.655682e-29 
 1.101000e+01 -7.941207e-30  1.228222e-28 
 1.102000e+01 -1.471260e-29  1.279624e-28 
 1.103000e+01 -3.033318e-29  1.125903e-28 
 1.104000e+01 -4.092758e-29  8.246604e-29 
 1.105000e+01 -3.384628e-29  4.603382e-29 
 1.106000e+01 -6.778669e-30  1.107390e-29 
 1.107000e+01  3.143949e-29 -1.762060e-29 
 1.108000e+01  6.799114e-29 -3.852683e-29 
 1.109000e+01  9.431401e-29 -5.195898e-29 
 1.110000e+01  1.088284e-28 -5.824191e-29 
 1.111000e+01  1.133876e-28 -5.691958e-29 
 1.112000e+01  1.081552e-28 -4.754192e-29 
 1.113000e+01  9.017470e-29 -3.125589e-29 
 1.114000e+01  5.681234e-29 -1.166137e-29 
 1.115000e+01  1.060603e-29  6.124754e-30 
 1.116000e+01 -3.918601e-29  1.780411e-29 
 1.117000e+01 -8.017705e-29  2.199468e-29 
 1.118000e+01 -1.031276e-28  2.051572e-29 
 1.119000e+01 -1.062840e-28  1.667103e-29 
 1.120000e+01 -9.473957e-29  1.290276e-29 
 1.121000e+01 -7.568924e-29  9.598875e-30 
 1.122000e+01 -5.352509e-29  5.779702e-30 
 1.123000e+01 -2.854040e-29  8.146018e-31 
 1.124000e+01  1.910281e-31 -4.425130e-30 
 1.125000e+01  3.074823e-29 -7.936418e-30 
 1.126000e+01  5.703894e-29 -8.075603e-30 
 1.127000e+01  7.169223e-29 -4.873813e-30 
 1.128000e+01  7.089436e-29 -1.244663e-31 
 1.129000e+01  5.710552e-29  3.760795e-30 
 1.130000e+01  3.734160e-29  5.208430e-30 
 1.131000e+01  1.846229e-29  4.220291e-30 
 1.132000e+01  3.361898e-30  2.010921e-30 
 1.133000e+01 -9.030509e-30 -2.648975e-32 
 1.134000e+01 -2.050512e-29 -1.223237e-30 
 1.135000e+01 -3.042131e-29 -1.835824e-30 
 1.136000e+01 -3.561695e-29 -2.539457e-30 
 1.137000e+01 -3.329426e-29 -3.687918e-30 
 1.138000e+01 -2.399607e-29 -4.915197e-30 
 1.139000e+01 -1.179529e-29 -5.360364e-30 
 1.140000e+01 -1.501946e-30 -4.328021e-30 
 1.141000e+01  4.564689e-30 -1.874019e-30 
 1.142000e+01  7.430602e-30  1.139837e-30 
 1.143000e+01  9.467529e-30  3.574894e-30 
 1.144000e+01  1.166774e-29  4.726323e-30 
 1.145000e+01  1.277977e-29  4.671470e-30 
 1.146000e+01  1.092174e-29  4.014604e-30 
 1.147000e+01  5.896815e-30  3.290136e-30 
 1.148000e+01 -1.158179e-31  2.557415e-30 
 1.149000e+01 -4.144069e-30  1.517675e-30 
 1.150000e+01 -4.751117e-30 -8.455709e-33 
 1.151000e+01 -2.966622e-30 -1.732401e-30 
 1.152000e+01 -1.088977e-30 -3.027733e-30 
 1.153000e+01 -6.009408e-31 -3.419077e-30 
 1.154000e+01 -1.118566e-30 -2.962549e-30 
 1.155000e+01 -1.169319e-30 -2.157525e-30 
 1.156000e+01  1.343228e-31 -1.482726e-30 
 1.157000e+01  2.161079e-30 -1.006242e-30 
 1.158000e+01  3.349053e-30 -4.348552e-31 
 1.159000e+01  2.635877e-30  4.686920e-31 
 1.160000e+01  3.695630e-31  1.530907e-30 
 1.161000e+01 -2.045122e-30  2.238693e-30 
 1.162000e+01 -3.314243e-30  2.178295e-30 
 1.163000e+01 -3.151338e-30  1.422191e-30 
 1.164000e+01 -2.221084e-30  4.912925e-31 
 1.165000e+01 -1.369093e-30 -7.614985e-32 
 1.166000e+01 -9.232488e-31 -1.500902e-31 
 1.167000e+01 -6.187638e-31 -4.635292e-32 
 1.168000e+01 -4.590619e-32 -1.664042e-31 
 1.169000e+01  8.953860e-31 -5.944077e-31 
 1.170000e+01  1.919573e-30 -1.024746e-30 
 1.171000e+01  2.616821e-30 -1.065735e-30 
 1.172000e+01  2.740702e-30 -6.158804e-31 
 1.173000e+01  2.294862e-30  3.818234e-32 
 1.174000e+01  1.444515e-30  4.750233e-31 
 1.175000e+01  4.103479e-31  4.919616e-31 
 1.176000e+01 -5.740292e-31  2.376469e-31 
 1.177000e+01 -1.289893e-30  2.922471e-32 
 1.178000e+01 -1.606217e-30  5.054332e-32 
 1.179000e+01 -1.556740e-30  2.128814e-31 
 1.180000e+01 -1.320591e-30  2.821855e-31 
 1.181000e+01 -1.082677e-30  1.248132e-31 
 1.182000e+01 -8.857491e-31 -1.664324e-31 
 1.183000e+01 -6.193044e-31 -3.686201e-31 
 1.184000e+01 -1.664251e-31 -3.366985e-31 
 1.185000e+01  4.310885e-31 -1.234612e-31 
 1.186000e+01  9.565192e-31  8.678612e-32 
 1.187000e+01  1.176768e-30  1.508401e-31 
 1.188000e+01  1.030285e-30  7.999114e-32 
 1.189000e+01  6.695304e-31  1.583621e-33 
 1.190000e+01  3.233751e-31  2.277576e-32 
 1.191000e+01  1.139157e-31  1.308558e-31 
 1.192000e+01 -4.728661e-33  2.153329e-31 
 1.193000e+01 -1.457961e-31  1.783782e-31 
 1.194000e+01 -3.433656e-31  2.564943e-32 
 1.195000e+01 -5.080222e-31 -1.410748e-31 
 1.196000e+01 -5.196707e-31 -2.136961e-31 
 1.197000e+01 -3.546973e-31 -1.650392e-31 
 1.198000e+01 -1.177611e-31 -6.046589e-32 
 1.199000e+01  4.979762e-32  7.076652e-33 
 1.200000e+01  9.089669e-32 -4.116150e-33 
 1.201000e+01  6.637024e-32 -5.797212e-32 
 1.202000e+01  7.622391e-32 -8.149435e-32 
 1.203000e+01  1.525849e-31 -3.162942e-32 
 1.204000e+01  2.293624e-31  6.900083e-32 
 1.205000e+01  2.128629e-31  1.529862e-31 
 1.206000e+01  7.954821e-32  1.634471e-31 
 1.207000e+01 -9.421257e-32  9.711305e-32 
 1.208000e+01 -1.960465e-31  2.959440e-33 
 1.209000e+01 -1.723972e-31 -5.830473e-32 
 1.210000e+01 -6.746338e-32 -5.927649e-32 
 1.211000e+01  2.381271e-32 -2.088332e-32 
 1.212000e+01  4.005531e-32  1.080602e-32 
 1.213000e+01 -1.495885e-33  4.132977e-33 
 1.214000e+01 -3.333173e-32 -3.455493e-32 
 1.215000e+01 -5.985979e-33 -7.007133e-32 
 1.216000e+01  6.772099e-32 -6.981909e-32 
 1.217000e+01  1.280653e-31 -3.030037e-32 
 1.218000e+01  1.234628e-31  2.204093e-32 
 1.219000e+01  5.377414e-32  5.381581e-32 
 1.220000e+01 -3.330255e-32  5.062535e-32 
 1.221000e+01 -8.423350e-32  2.484362e-32 
 1.222000e+01 -8.081831e-32  1.343074e-33 
 1.223000e+01 -4.728047e-32 -4.184473e-33 
 1.224000e+01 -2.252773e-32  4.501589e-33 
 1.225000e+01 -2.535411e-32  1.193494e-32 
 1.226000e+01 -4.218256e-32  7.095624e-33 
 1.227000e+01 -4.433989e-32 -7.340055e-33 
 1.228000e+01 -1.650837e-32 -1.953841e-32 
 1.229000e+01  2.913131e-32 -2.048710e-32 
 1.230000e+01  6.384298e-32 -1.147352e-32 
 1.231000e+01  6.700425e-32 -1.115370e-33 
 1.232000e+01  4.247681e-32  3.548121e-33 
 1.233000e+01  1.329610e-32  2.717807e-33 
 1.234000e+01  6.456385e-34  1.629021e-33 
 1.235000e+01  6.220299e-33  4.018193e-33 
 1.236000e+01  1.316315e-32  8.323524e-33 
 1.237000e+01  3.812236e-33  9.909238e-33 
 1.238000e+01 -2.238463e-32  6.231878e-33 
 1.239000e+01 -4.721953e-32 -5.714788e-34 
 1.240000e+01 -4.985328e-32 -5.901253e-33 
 1.241000e+01 -2.604283e-32 -6.959059e-33 
 1.242000e+01  7.113880e-33 -4.728105e-33 
 1.243000e+01  2.545783e-32 -2.216607e-33 
 1.244000e+01  1.840740e-32 -1.327131e-33 
 1.245000e+01 -2.487541e-33 -1.569815e-33 
 1.246000e+01 -1.461389e-32 -1.383877e-33 
 1.247000e+01 -4.867086e-33 -1.016472e-34 
 1.248000e+01  1.876772e-32  1.596951e-33 
 1.249000e+01  3.474813e-32  2.801711e-33 
 1.250000e+01  2.745865e-32  3.385752e-33 
 1.251000e+01  1.044721e-33  3.710028e-33 
 1.252000e+01 -2.441897e-32  3.646215e-33 
 1.253000e+01 -3.038479e-32  2.424939e-33 
 1.254000e+01 -1.510593e-32 -2.847340e-34 
 1.255000e+01  6.295628e-33 -3.358938e-33 
 1.256000e+01  1.593708e-32 -4.749012e-33 
 1.257000e+01  8.242459e-33 -3.358933e-33 
 1.258000e+01 -6.959550e-33 -3.728406e-34 
 1.259000e+01 -1.471783e-32  1.571269e-33 
 1.260000e+01 -8.366088e-33  8.074523e-34 
 1.261000e+01  5.774780e-33 -1.677321e-33 
 1.262000e+01  1.536302e-32 -3.093096e-33 
 1.263000e+01  1.322155e-32 -1.538596e-33 
 1.264000e+01  2.618516e-33  2.060536e-33 
 1.265000e+01 -7.025909e-33  4.711011e-33 
 1.266000e+01 -8.911968e-33  4.130902e-33 
 1.267000e+01 -3.927291e-33  8.795183e-34 
 1.268000e+01  1.690947e-33 -2.202752e-33 
 1.269000e+01  2.787764e-33 -2.666402e-33 
 1.270000e+01 -4.831053e-34 -6.437756e-34 
 1.271000e+01 -3.907611e-33  1.489483e-33 
 1.272000e+01 -3.814108e-33  1.530813e-33 
 1.273000e+01 -3.305642e-34 -4.688541e-34 
 1.274000e+01  3.356280e-33 -2.422520e-33 
 1.275000e+01  4.346469e-33 -2.368023e-33 
 1.276000e+01  2.511505e-33 -3.705643e-34 
 1.277000e+01  6.159915e-35  1.653493e-33 
 1.278000e+01 -8.660223e-34  1.894506e-33 
 1.279000e+01 -6.511652e-35  3.859497e-34 
 1.280000e+01  9.852790e-34 -1.152046e-33 
 1.281000e+01  8.340159e-34 -1.102860e-33 
 1.282000e+01 -5.858751e-34  4.517769e-34 
 1.283000e+01 -2.099365e-33  1.874954e-33 
 1.284000e+01 -2.509012e-33  1.638108e-33 
 1.285000e+01 -1.610299e-33 -1.699383e-34 
 1.286000e+01 -1.777526e-34 -1.937004e-33 
 1.287000e+01  8.315432e-34 -2.075513e-33 
 1.288000e+01  1.014127e-33 -5.035722e-34 
 1.289000e+01  6.323296e-34  1.324682e-33 
 1.290000e+01  2.111776e-34  1.799464e-33 
 1.291000e+01  9.716244e-35  6.065837e-34 
 1.292000e+01  3.037877e-34 -1.071543e-33 
 1.293000e+01  6.170971e-34 -1.702589e-33 
 1.294000e+01  7.707357e-34 -7.774210e-34 
 1.295000e+01  5.811422e-34  8.228060e-34 
 1.296000e+01  4.393124e-35  1.700618e-33 
 1.297000e+01 -6.218365e-34  1.181357e-33 
 1.298000e+01 -1.054431e-33 -1.878002e-34 
 1.299000e+01 -9.750724e-34 -1.225662e-33 
 1.300000e+01 -4.193722e-34 -1.167132e-33 
 1.301000e+01  2.412832e-34 -2.347038e-34 
 1.302000e+01  5.602760e-34  6.826455e-34 
 1.303000e+01  3.682693e-34  8.514460e-34 
 1.304000e+01 -8.955281e-35  2.642440e-34 
 1.305000e+01 -3.675946e-34 -4.711916e-34 
 1.306000e+01 -2.053919e-34 -7.245553e-34 
 1.307000e+01  2.557008e-34 -3.559439e-34 
 1.308000e+01  6.117955e-34  2.528770e-34 
 1.309000e+01  5.558479e-34  5.909368e-34 
 1.310000e+01  1.319430e-34  4.452485e-34 
 1.311000e+01 -3.279661e-34  1.607861e-35 
 1.312000e+01 -5.027345e-34 -3.146565e-34 
 1.313000e+01 -3.368243e-34 -3.158407e-34 
 1.314000e+01 -4.033690e-35 -6.055852e-35 
 1.315000e+01  1.305203e-34  1.875712e-34 
 1.316000e+01  9.228437e-35  2.185137e-34 
 1.317000e+01 -3.520562e-35  3.615574e-35 
 1.318000e+01 -8.113397e-35 -1.777269e-34 
 1.319000e+01  6.850283e-36 -2.370821e-34 
 1.320000e+01  1.316271e-34 -1.050372e-34 
 1.321000e+01  1.618312e-34  9.295502e-35 
 1.322000e+01  6.672035e-35  1.901750e-34 
 1.323000e+01 -5.857577e-35  1.210744e-34 
 1.324000e+01 -9.190794e-35 -3.387270e-35 
 1.325000e+01 -5.497574e-36 -1.296462e-34 
 1.326000e+01  1.057042e-34 -8.633075e-35 
 1.327000e+01  1.133348e-34  4.639345e-35 
 1.328000e+01 -2.058256e-35  1.411789e-34 
 1.329000e+01 -1.985728e-34  1.099024e-34 
 1.330000e+01 -2.647239e-34 -1.979918e-35 
 1.331000e+01 -1.401913e-34 -1.336527e-34 
 1.332000e+01  9.931308e-35 -1.350673e-34 
 1.333000e+01  2.748412e-34 -2.906941e-35 
 1.334000e+01  2.476590e-34  8.735948e-35 
 1.335000e+01  3.747260e-35  1.151706e-34 
 1.336000e+01 -1.866199e-34  3.942416e-35 
 1.337000e+01 -2.414117e-34 -6.406727e-35 
 1.338000e+01 -8.222529e-35 -1.020156e-34 
 1.339000e+01  1.562367e-34 -4.627583e-35 
 1.340000e+01  2.699667e-34  4.765281e-35 
 1.341000e+01  1.574563e-34  9.673669e-35 
 1.342000e+01 -9.250292e-35  6.465129e-35 
 1.343000e+01 -2.743745e-34 -1.270021e-35 
 1.344000e+01 -2.398393e-34 -6.699744e-35 
 1.345000e+01 -2.284445e-35 -5.971456e-35 
 1.346000e+01  1.922962e-34 -9.559266e-36 
 1.347000e+01  2.309285e-34  3.351810e-35 
 1.348000e+01  7.558267e-35  3.649744e-35 
 1.349000e+01 -1.266541e-34  7.707323e-36 
 1.350000e+01 -1.988709e-34 -1.961682e-35 
 1.351000e+01 -8.826013e-35 -2.213960e-35 
 1.352000e+01  9.609622e-35 -4.664230e-36 
 1.353000e+01  1.887195e-34  1.133239e-35 
 1.354000e+01  1.157353e-34  1.193532e-35 
 1.355000e+01 -4.751496e-35  2.174401e-36 
 1.356000e+01 -1.540125e-34 -3.762897e-36 
 1.357000e+01 -1.195102e-34  4.520626e-37 
 1.358000e+01  9.531131e-36  7.690185e-36 
 1.359000e+01  1.094088e-34  7.163914e-36 
 1.360000e+01  9.610127e-35 -2.831084e-36 
 1.361000e+01 -4.337138e-36 -1.309627e-35 
 1.362000e+01 -9.062616e-35 -1.352008e-35 
 1.363000e+01 -8.510464e-35 -3.466932e-36 
 1.364000e+01 -1.375892e-36  8.051845e-36 
 1.365000e+01  7.729186e-35  1.158662e-35 
 1.366000e+01  8.045268e-35  5.785435e-36 
 1.367000e+01  1.301187e-35 -2.789820e-36 
 1.368000e+01 -5.694425e-35 -6.934369e-36 
 1.369000e+01 -6.637915e-35 -4.982998e-36 
 1.370000e+01 -1.387485e-35 -4.041107e-37 
 1.371000e+01  4.561178e-35  3.034439e-36 
 1.372000e+01  5.655113e-35  4.459286e-36 
 1.373000e+01  1.324740e-35  4.677930e-36 
 1.374000e+01 -4.017610e-35  3.492679e-36 
 1.375000e+01 -5.468311e-35 -2.489639e-37 
 1.376000e+01 -2.072415e-35 -5.846852e-36 
 1.377000e+01  2.757289e-35 -9.335480e-36 
 1.378000e+01  4.739783e-35 -6.465500e-36 
 1.379000e+01  2.561413e-35  2.304291e-36 
 1.380000e+01 -1.373636e-35  1.050545e-35 
 1.381000e+01 -3.518305e-35  1.067409e-35 
 1.382000e+01 -2.370145e-35  1.592624e-36 
 1.383000e+01  5.772632e-36 -9.509229e-36 
 1.384000e+01  2.583836e-35 -1.279746e-35 
 1.385000e+01  2.167323e-35 -4.826567e-36 
 1.386000e+01  1.000763e-36  7.816592e-36 
 1.387000e+01 -1.664769e-35  1.406814e-35 
 1.388000e+01 -1.827860e-35  8.313398e-36 
 1.389000e+01 -6.454001e-36 -4.464825e-36 
 1.390000e+01  6.478038e-36 -1.314070e-35 
 1.391000e+01  1.069957e-35 -1.041434e-35 
 1.392000e+01  5.968698e-36  8.429451e-37 
 1.393000e+01 -1.049425e-36  1.050599e-35 
 1.394000e+01 -4.257910e-36  1.042320e-35 
 1.395000e+01 -2.786011e-36  1.421725e-36 
 1.396000e+01  1.999951e-37 -8.019045e-36 
 1.397000e+01  1.636383e-36 -9.724247e-36 
 1.398000e+01  1.104405e-36 -2.911416e-36 
 1.399000e+01  1.044922e-37  5.770407e-36 
 1.400000e+01 -1.295460e-37  8.696021e-36 
 1.401000e+01  2.555732e-37  3.969317e-36 
 1.402000e+01  3.701298e-37 -3.519843e-36 
 1.403000e+01 -2.328891e-37 -7.052666e-36 
 1.404000e+01 -1.144672e-36 -4.100278e-36 
 1.405000e+01 -1.604054e-36  1.964099e-36 
 1.406000e+01 -1.172731e-36  5.480710e-36 
 1.407000e+01  8.441614e-39  3.694701e-36 
 1.408000e+01  1.356708e-36 -1.184097e-36 
 1.409000e+01  2.118348e-36 -4.489712e-36 
 1.410000e+01  1.712063e-36 -3.463431e-36 
 1.411000e+01  1.570818e-37  5.440025e-37 
 1.412000e+01 -1.682091e-36  3.702759e-36 
 1.413000e+01 -2.470582e-36  3.316273e-36 
 1.414000e+01 -1.400605e-36  5.817455e-38 
 1.415000e+01  9.388800e-37 -2.953723e-36 
 1.416000e+01  2.759339e-36 -3.105497e-36 
 1.417000e+01  2.445625e-36 -5.034164e-37 
 1.418000e+01  2.794279e-38  2.368922e-36 
 1.419000e+01 -2.638988e-36  2.999298e-36 
 1.420000e+01 -3.334128e-36  9.998849e-37 
 1.421000e+01 -1.384138e-36 -1.743848e-36 
 1.422000e+01  1.679422e-36 -2.861691e-36 
 1.423000e+01  3.373094e-36 -1.535476e-36 
 1.424000e+01  2.361357e-36  9.471697e-37 
 1.425000e+01 -4.365846e-37  2.446900e-36 
 1.426000e+01 -2.681875e-36  1.822321e-36 
 1.427000e+01 -2.615986e-36 -2.168896e-37 
 1.428000e+01 -4.693088e-37 -1.868014e-36 
 1.429000e+01  1.872158e-36 -1.824853e-36 
 1.430000e+01  2.532208e-36 -3.030650e-37 
 1.431000e+01  1.148265e-36  1.293754e-36 
 1.432000e+01 -9.986015e-37  1.656311e-36 
 1.433000e+01 -2.176918e-36  6.388647e-37 
 1.434000e+01 -1.604456e-36 -7.537226e-37 
 1.435000e+01  7.552625e-38 -1.335851e-36 
 1.436000e+01  1.476931e-36 -7.496857e-37 
 1.437000e+01  1.612406e-36  3.428391e-37 
 1.438000e+01  5.624848e-37  9.536869e-37 
 1.439000e+01 -7.423736e-37  6.515515e-37 
 1.440000e+01 -1.318713e-36 -1.482028e-37 
 1.441000e+01 -8.421798e-37 -6.653708e-37 
 1.442000e+01  2.092952e-37 -4.915022e-37 
 1.443000e+01  9.947326e-37  1.010566e-37 
 1.444000e+01  9.535243e-37  5.007177e-37 
 1.445000e+01  1.878578e-37  3.617287e-37 
 1.446000e+01 -6.616430e-37 -1.098109e-37 
 1.447000e+01 -9.307364e-37 -4.158762e-37 
 1.448000e+01 -4.456577e-37 -2.716025e-37 
 1.449000e+01  3.561228e-37  1.425996e-37 
 1.450000e+01  7.964909e-37  3.953331e-37 
 1.451000e+01  5.244497e-37  2.405068e-37 
 1.452000e+01 -1.907159e-37 -1.568454e-37 
 1.453000e+01 -6.993149e-37 -4.033389e-37 
 1.454000e+01 -5.471834e-37 -2.655097e-37 
 1.455000e+01  1.173910e-37  1.174313e-37 
 1.456000e+01  6.772132e-37  3.838077e-37 
 1.457000e+01  6.098810e-37  2.968763e-37 
 1.458000e+01 -2.883549e-38 -4.649608e-38 
 1.459000e+01 -6.511029e-37 -3.266134e-37 
 1.460000e+01 -6.780572e-37 -3.039301e-37 
 1.461000e+01 -7.803371e-38 -2.383269e-38 
 1.462000e+01  5.999407e-37  2.503316e-37 
 1.463000e+01  7.318956e-37  2.881054e-37 
 1.464000e+01  1.947615e-37  8.535987e-38 
 1.465000e+01 -5.221184e-37 -1.609678e-37 
 1.466000e+01 -7.696446e-37 -2.456380e-37 
 1.467000e+01 -3.316964e-37 -1.261128e-37 
 1.468000e+01  3.883862e-37  6.960856e-38 
 1.469000e+01  7.477851e-37  1.768515e-37 
 1.470000e+01  4.473443e-37  1.322064e-37 
 1.471000e+01 -2.177003e-37  1.414131e-39 
 1.472000e+01 -6.501095e-37 -1.010651e-37 
 1.473000e+01 -4.949215e-37 -1.101441e-37 
 1.474000e+01  6.619098e-38 -4.381119e-38 
 1.475000e+01  5.157273e-37  3.465805e-38 
 1.476000e+01  4.805980e-37  7.387300e-38 
 1.477000e+01  4.312739e-38  6.180777e-38 
 1.478000e+01 -3.770232e-37  1.718440e-38 
 1.479000e+01 -4.242097e-37 -3.119912e-38 
 1.480000e+01 -1.079874e-37 -5.804549e-38 
 1.481000e+01  2.505451e-37 -4.890489e-38 
 1.482000e+01  3.387560e-37 -7.806428e-39 
 1.483000e+01  1.238034e-37  3.966779e-38 
 1.484000e+01 -1.585975e-37  5.903274e-38 
 1.485000e+01 -2.508847e-37  3.315151e-38 
 1.486000e+01 -1.045297e-37 -1.951160e-38 
 1.487000e+01  1.088533e-37 -5.599657e-38 
 1.488000e+01  1.852384e-37 -4.481346e-38 
 1.489000e+01  7.745272e-38  4.638465e-39 
 1.490000e+01 -8.558119e-38  4.858448e-38 
 1.491000e+01 -1.431209e-37  4.797787e-38 
 1.492000e+01 -5.570981e-38  4.518728e-39 
 1.493000e+01  7.464955e-38 -4.089580e-38 
 1.494000e+01  1.180938e-37 -4.651439e-38 
 1.495000e+01  4.200618e-38 -8.666569e-39 
 1.496000e+01 -6.950263e-38  3.563621e-38 
 1.497000e+01 -1.069180e-37  4.445193e-38 
 1.498000e+01 -4.011263e-38  1.047948e-38 
 1.499000e+01  6.134353e-38 -3.302294e-38 
 1.500000e+01  1.014867e-37 -4.463980e-38 
