         time X Accelera... X Accelera... X Accelera... 
------------- ------------- ------------- ------------- 
 1.000000e-02 -1.357068e-56 -1.487903e-56 -6.395006e-78 
 2.000000e-02 -4.095916e-56 -3.062886e-56 -6.773113e-73 
 3.000000e-02 -1.179013e-55 -9.283075e-56 -7.989223e-70 
 4.000000e-02 -3.497439e-55 -2.752069e-55 -1.338204e-67 
 5.000000e-02 -1.029119e-54 -8.109476e-55 -7.330914e-66 
 6.000000e-02 -3.014073e-54 -2.378480e-54 -1.933399e-64 
 7.000000e-02 -8.787682e-54 -6.944547e-54 -3.038464e-63 
 8.000000e-02 -2.550625e-53 -2.018565e-53 -3.244895e-62 
 9.000000e-02 -7.370046e-53 -5.841066e-53 -2.570278e-61 
 1.000000e-01 -2.120038e-52 -1.682635e-52 -1.606954e-60 
 1.100000e-01 -6.071086e-52 -4.825428e-52 -8.309652e-60 
 1.200000e-01 -1.730765e-51 -1.377621e-51 -3.688335e-59 
 1.300000e-01 -4.912007e-51 -3.915356e-51 -1.449314e-58 
 1.400000e-01 -1.387805e-50 -1.107798e-50 -5.178139e-58 
 1.500000e-01 -3.903432e-50 -3.120305e-50 -1.722044e-57 
 1.600000e-01 -1.092982e-49 -8.749448e-50 -5.439775e-57 
 1.700000e-01 -3.046684e-49 -2.442369e-49 -1.659718e-56 
 1.800000e-01 -8.454538e-49 -6.787166e-49 -4.953334e-56 
 1.900000e-01 -2.335608e-48 -1.877640e-48 -1.458458e-55 
 2.000000e-01 -6.423290e-48 -5.171092e-48 -4.258234e-55 
 2.100000e-01 -1.758581e-47 -1.417745e-47 -1.236015e-54 
 2.200000e-01 -4.793075e-47 -3.869547e-47 -3.570662e-54 
 2.300000e-01 -1.300508e-46 -1.051399e-46 -1.026977e-53 
 2.400000e-01 -3.512838e-46 -2.843938e-46 -2.940978e-53 
 2.500000e-01 -9.446038e-46 -7.658046e-46 -8.385690e-53 
 2.600000e-01 -2.528642e-45 -2.052866e-45 -2.380647e-52 
 2.700000e-01 -6.738619e-45 -5.478326e-45 -6.729093e-52 
 2.800000e-01 -1.787722e-44 -1.455390e-44 -1.893746e-51 
 2.900000e-01 -4.721442e-44 -3.849064e-44 -5.306278e-51 
 3.000000e-01 -1.241350e-43 -1.013385e-43 -1.480340e-50 
 3.100000e-01 -3.249068e-43 -2.656059e-43 -4.111840e-50 
 3.200000e-01 -8.465800e-43 -6.930174e-43 -1.137140e-49 
 3.300000e-01 -2.195945e-42 -1.800088e-42 -3.131082e-49 
 3.400000e-01 -5.670471e-42 -4.654637e-42 -8.583769e-49 
 3.500000e-01 -1.457674e-41 -1.198176e-41 -2.342957e-48 
 3.600000e-01 -3.730315e-41 -3.070418e-41 -6.367273e-48 
 3.700000e-01 -9.503284e-41 -7.832789e-41 -1.722841e-47 
 3.800000e-01 -2.410155e-40 -1.989193e-40 -4.641299e-47 
 3.900000e-01 -6.084976e-40 -5.028968e-40 -1.244905e-46 
 4.000000e-01 -1.529379e-39 -1.265674e-39 -3.324569e-46 
 4.100000e-01 -3.826605e-39 -3.171068e-39 -8.839684e-46 
 4.200000e-01 -9.531339e-39 -7.909147e-39 -2.340132e-45 
 4.300000e-01 -2.363392e-38 -1.963785e-38 -6.168021e-45 
 4.400000e-01 -5.833897e-38 -4.853982e-38 -1.618651e-44 
 4.500000e-01 -1.433582e-37 -1.194378e-37 -4.229243e-44 
 4.600000e-01 -3.506930e-37 -2.925665e-37 -1.100205e-43 
 4.700000e-01 -8.540275e-37 -7.134217e-37 -2.849615e-43 
 4.800000e-01 -2.070411e-36 -1.731835e-36 -7.348525e-43 
 4.900000e-01 -4.996672e-36 -4.185092e-36 -1.886755e-42 
 5.000000e-01 -1.200451e-35 -1.006796e-35 -4.823163e-42 
 5.100000e-01 -2.871090e-35 -2.411099e-35 -1.227579e-41 
 5.200000e-01 -6.835776e-35 -5.748122e-35 -3.110770e-41 
 5.300000e-01 -1.620194e-34 -1.364186e-34 -7.848505e-41 
 5.400000e-01 -3.822823e-34 -3.222981e-34 -1.971545e-40 
 5.500000e-01 -8.979223e-34 -7.580152e-34 -4.930905e-40 
 5.600000e-01 -2.099571e-33 -1.774736e-33 -1.227855e-39 
 5.700000e-01 -4.887187e-33 -4.136422e-33 -3.044159e-39 
 5.800000e-01 -1.132462e-32 -9.597338e-33 -7.514285e-39 
 5.900000e-01 -2.612309e-32 -2.216722e-32 -1.846748e-38 
 6.000000e-01 -5.998752e-32 -5.096897e-32 -4.518842e-38 
 6.100000e-01 -1.371300e-31 -1.166633e-31 -1.100895e-37 
 6.200000e-01 -3.120604e-31 -2.658249e-31 -2.670324e-37 
 6.300000e-01 -7.069347e-31 -6.029622e-31 -6.448831e-37 
 6.400000e-01 -1.594241e-30 -1.361498e-30 -1.550589e-36 
 6.500000e-01 -3.579001e-30 -3.060382e-30 -3.712024e-36 
 6.600000e-01 -7.998396e-30 -6.848034e-30 -8.847556e-36 
 6.700000e-01 -1.779412e-29 -1.525413e-29 -2.099587e-35 
 6.800000e-01 -3.940782e-29 -3.382512e-29 -4.960692e-35 
 6.900000e-01 -8.688002e-29 -7.466576e-29 -1.166939e-34 
 7.000000e-01 -1.906727e-28 -1.640716e-28 -2.733075e-34 
 7.100000e-01 -4.165700e-28 -3.589008e-28 -6.373119e-34 
 7.200000e-01 -9.059781e-28 -7.815273e-28 -1.479617e-33 
 7.300000e-01 -1.961450e-27 -1.694112e-27 -3.420134e-33 
 7.400000e-01 -4.227327e-27 -3.655676e-27 -7.871062e-33 
 7.500000e-01 -9.069498e-27 -7.852727e-27 -1.803514e-32 
 7.600000e-01 -1.936997e-26 -1.679190e-26 -4.114352e-32 
 7.700000e-01 -4.118150e-26 -3.574419e-26 -9.344989e-32 
 7.800000e-01 -8.715705e-26 -7.574196e-26 -2.113252e-31 
 7.900000e-01 -1.836240e-25 -1.597690e-25 -4.757936e-31 
 8.000000e-01 -3.851080e-25 -3.354850e-25 -1.066548e-30 
 8.100000e-01 -8.040091e-25 -7.012575e-25 -2.380326e-30 
 8.200000e-01 -1.670953e-24 -1.459167e-24 -5.289156e-30 
 8.300000e-01 -3.456940e-24 -3.022424e-24 -1.170118e-29 
 8.400000e-01 -7.119393e-24 -6.232003e-24 -2.577308e-29 
 8.500000e-01 -1.459544e-23 -1.279150e-23 -5.651914e-29 
 8.600000e-01 -2.978611e-23 -2.613581e-23 -1.234006e-28 
 8.700000e-01 -6.051070e-23 -5.315824e-23 -2.682447e-28 
 8.800000e-01 -1.223691e-22 -1.076279e-22 -5.805459e-28 
 8.900000e-01 -2.463381e-22 -2.169190e-22 -1.250931e-27 
 9.000000e-01 -4.936409e-22 -4.351997e-22 -2.683618e-27 
 9.100000e-01 -9.847133e-22 -8.691546e-22 -5.731902e-27 
 9.200000e-01 -1.955360e-21 -1.727914e-21 -1.218896e-26 
 9.300000e-01 -3.865106e-21 -3.419505e-21 -2.580621e-26 
 9.400000e-01 -7.605239e-21 -6.736270e-21 -5.439648e-26 
 9.500000e-01 -1.489637e-20 -1.320962e-20 -1.141579e-25 
 9.600000e-01 -2.904446e-20 -2.578545e-20 -2.385226e-25 
 9.700000e-01 -5.637166e-20 -5.010396e-20 -4.961815e-25 
 9.800000e-01 -1.089111e-19 -9.691286e-20 -1.027635e-24 
 9.900000e-01 -2.094576e-19 -1.865959e-19 -2.118965e-24 
 1.000000e+00 -4.009888e-19 -3.576293e-19 -4.350056e-24 
 1.010000e+00 -7.641519e-19 -6.822974e-19 -8.891020e-24 
 1.020000e+00 -1.449564e-18 -1.295755e-18 -1.809228e-23 
 1.030000e+00 -2.737188e-18 -2.449515e-18 -3.665385e-23 
 1.040000e+00 -5.144940e-18 -4.609395e-18 -7.393155e-23 
 1.050000e+00 -9.626394e-18 -8.634034e-18 -1.484648e-22 
 1.060000e+00 -1.792890e-17 -1.609862e-17 -2.968244e-22 
 1.070000e+00 -3.323910e-17 -2.987908e-17 -5.908238e-22 
 1.080000e+00 -6.134080e-17 -5.520125e-17 -1.170841e-21 
 1.090000e+00 -1.126817e-16 -1.015155e-16 -2.310035e-21 
 1.100000e+00 -2.060439e-16 -1.858305e-16 -4.537528e-21 
 1.110000e+00 -3.750315e-16 -3.386112e-16 -8.873596e-21 
 1.120000e+00 -6.794790e-16 -6.141640e-16 -1.727662e-20 
 1.130000e+00 -1.225416e-15 -1.108830e-15 -3.348851e-20 
 1.140000e+00 -2.199832e-15 -1.992700e-15 -6.462644e-20 
 1.150000e+00 -3.930901e-15 -3.564628e-15 -1.241656e-19 
 1.160000e+00 -6.991825e-15 -6.347176e-15 -2.375024e-19 
 1.170000e+00 -1.237894e-14 -1.124967e-14 -4.522826e-19 
 1.180000e+00 -2.181572e-14 -1.984679e-14 -8.574836e-19 
 1.190000e+00 -3.826905e-14 -3.485227e-14 -1.618509e-18 
 1.200000e+00 -6.682152e-14 -6.092012e-14 -3.041424e-18 
 1.210000e+00 -1.161380e-13 -1.059932e-13 -5.689977e-18 
 1.220000e+00 -2.009185e-13 -1.835613e-13 -1.059778e-17 
 1.230000e+00 -3.459807e-13 -3.164238e-13 -1.965118e-17 
 1.240000e+00 -5.930192e-13 -5.429256e-13 -3.627702e-17 
 1.250000e+00 -1.011740e-12 -9.272421e-13 -6.667183e-17 
 1.260000e+00 -1.718111e-12 -1.576253e-12 -1.219888e-16 
 1.270000e+00 -2.904112e-12 -2.667089e-12 -2.222101e-16 
 1.280000e+00 -4.886009e-12 -4.491855e-12 -4.029695e-16 
 1.290000e+00 -8.182234e-12 -7.529899e-12 -7.275192e-16 
 1.300000e+00 -1.363844e-11 -1.256395e-11 -1.307613e-15 
 1.310000e+00 -2.262720e-11 -2.086578e-11 -2.339785e-15 
 1.320000e+00 -3.736530e-11 -3.449156e-11 -4.168049e-15 
 1.330000e+00 -6.141518e-11 -5.674911e-11 -7.391779e-15 
 1.340000e+00 -1.004733e-10 -9.293328e-11 -1.305038e-14 
 1.350000e+00 -1.636030e-10 -1.514773e-10 -2.293792e-14 
 1.360000e+00 -2.651522e-10 -2.457455e-10 -4.013659e-14 
 1.370000e+00 -4.277213e-10 -3.968107e-10 -6.991672e-14 
 1.380000e+00 -6.867295e-10 -6.377329e-10 -1.212480e-13 
 1.390000e+00 -1.097407e-09 -1.020116e-09 -2.093241e-13 
 1.400000e+00 -1.745436e-09 -1.624102e-09 -3.597611e-13 
 1.410000e+00 -2.763076e-09 -2.573521e-09 -6.155419e-13 
 1.420000e+00 -4.353428e-09 -4.058732e-09 -1.048451e-12 
 1.430000e+00 -6.826799e-09 -6.370866e-09 -1.777804e-12 
 1.440000e+00 -1.065485e-08 -9.952899e-09 -3.000985e-12 
 1.450000e+00 -1.655083e-08 -1.547537e-08 -5.042966e-12 
 1.460000e+00 -2.558768e-08 -2.394802e-08 -8.436237e-12 
 1.470000e+00 -3.937116e-08 -3.688357e-08 -1.404916e-11 
 1.480000e+00 -6.029185e-08 -5.653633e-08 -2.329106e-11 
 1.490000e+00 -9.189016e-08 -8.624834e-08 -3.843822e-11 
 1.500000e+00 -1.393818e-07 -1.309481e-07 -6.314961e-11 
 1.510000e+00 -2.104101e-07 -1.978651e-07 -1.032784e-10 
 1.520000e+00 -3.161163e-07 -2.975484e-07 -1.681427e-10 
 1.530000e+00 -4.726543e-07 -4.453083e-07 -2.725046e-10 
 1.540000e+00 -7.033199e-07 -6.632467e-07 -4.396379e-10 
 1.550000e+00 -1.041528e-06 -9.830975e-07 -7.060565e-10 
 1.560000e+00 -1.534947e-06 -1.450178e-06 -1.128768e-09 
 1.570000e+00 -2.251213e-06 -2.128850e-06 -1.796341e-09 
 1.580000e+00 -3.285761e-06 -3.110022e-06 -2.845698e-09 
 1.590000e+00 -4.772510e-06 -4.521391e-06 -4.487483e-09 
 1.600000e+00 -6.898343e-06 -6.541332e-06 -7.044142e-09 
 1.610000e+00 -9.922582e-06 -9.417616e-06 -1.100682e-08 
 1.620000e+00 -1.420305e-05 -1.349247e-05 -1.711992e-08 
 1.630000e+00 -2.023066e-05 -1.923588e-05 -2.650604e-08 
 1.640000e+00 -2.867508e-05 -2.728962e-05 -4.084964e-08 
 1.650000e+00 -4.044450e-05 -3.852494e-05 -6.266557e-08 
 1.660000e+00 -5.676342e-05 -5.411771e-05 -9.568943e-08 
 1.670000e+00 -7.927305e-05 -7.564558e-05 -1.454421e-07 
 1.680000e+00 -1.101600e-04 -1.052126e-04 -2.200412e-07 
 1.690000e+00 -1.523198e-04 -1.456080e-04 -3.313618e-07 
 1.700000e+00 -2.095638e-04 -2.005066e-04 -4.966859e-07 
 1.710000e+00 -2.868767e-04 -2.747200e-04 -7.410346e-07 
 1.720000e+00 -3.907382e-04 -3.745092e-04 -1.100446e-06 
 1.730000e+00 -5.295165e-04 -5.079685e-04 -1.626554e-06 
 1.740000e+00 -7.139492e-04 -6.854950e-04 -2.392952e-06 
 1.750000e+00 -9.577230e-04 -9.203558e-04 -3.503973e-06 
 1.760000e+00 -1.278167e-03 -1.229367e-03 -5.106750e-06 
 1.770000e+00 -1.697070e-03 -1.633695e-03 -7.407659e-06 
 1.780000e+00 -2.241639e-03 -2.159801e-03 -1.069461e-05 
 1.790000e+00 -2.945599e-03 -2.840519e-03 -1.536711e-05 
 1.800000e+00 -3.850449e-03 -3.716303e-03 -2.197642e-05 
 1.810000e+00 -5.006865e-03 -4.836607e-03 -3.127911e-05 
 1.820000e+00 -6.476245e-03 -6.261424e-03 -4.430766e-05 
 1.830000e+00 -8.332375e-03 -8.062938e-03 -6.246324e-05 
 1.840000e+00 -1.066318e-02 -1.032728e-02 -8.763658e-05 
 1.850000e+00 -1.357252e-02 -1.315632e-02 -1.223645e-04 
 1.860000e+00 -1.718194e-02 -1.666944e-02 -1.700309e-04 
 1.870000e+00 -2.163228e-02 -2.100518e-02 -2.351234e-04 
 1.880000e+00 -2.708511e-02 -2.632271e-02 -3.235582e-04 
 1.890000e+00 -3.372368e-02 -3.280284e-02 -4.430879e-04 
 1.900000e+00 -4.175337e-02 -4.064858e-02 -6.038105e-04 
 1.910000e+00 -5.140135e-02 -5.008493e-02 -8.187972e-04 
 1.920000e+00 -6.291529e-02 -6.135767e-02 -1.104863e-03 
 1.930000e+00 -7.656077e-02 -7.473100e-02 -1.483500e-03 
 1.940000e+00 -9.261727e-02 -9.048371e-02 -1.982004e-03 
 1.950000e+00 -1.113724e-01 -1.089036e-01 -2.634810e-03 
 1.960000e+00 -1.331139e-01 -1.302799e-01 -3.485066e-03 
 1.970000e+00 -1.581200e-01 -1.548936e-01 -4.586471e-03 
 1.980000e+00 -1.866467e-01 -1.830053e-01 -6.005380e-03 
 1.990000e+00 -2.189127e-01 -2.148402e-01 -7.823190e-03 
 2.000000e+00 -2.550826e-01 -2.505717e-01 -1.013901e-02 
 2.010000e+00 -2.952465e-01 -2.903010e-01 -1.307260e-02 
 2.020000e+00 -3.393982e-01 -3.340360e-01 -1.676747e-02 
 2.030000e+00 -3.874118e-01 -3.816674e-01 -2.139424e-02 
 2.040000e+00 -4.390171e-01 -4.329443e-01 -2.715395e-02 
 2.050000e+00 -4.937747e-01 -4.874492e-01 -3.428133e-02 
 2.060000e+00 -5.510520e-01 -5.445738e-01 -4.304788e-02 
 2.070000e+00 -6.100016e-01 -6.034971e-01 -5.376436e-02 
 2.080000e+00 -6.695429e-01 -6.631658e-01 -6.678267e-02 
 2.090000e+00 -7.283493e-01 -7.222813e-01 -8.249654e-02 
 2.100000e+00 -7.848417e-01 -7.792921e-01 -1.013408e-01 
 2.110000e+00 -8.371910e-01 -8.323950e-01 -1.237891e-01 
 2.120000e+00 -8.833303e-01 -8.795462e-01 -1.503485e-01 
 2.130000e+00 -9.209798e-01 -9.184845e-01 -1.815523e-01 
 2.140000e+00 -9.476833e-01 -9.467665e-01 -2.179490e-01 
 2.150000e+00 -9.608591e-01 -9.618159e-01 -2.600874e-01 
 2.160000e+00 -9.578650e-01 -9.609872e-01 -3.084978e-01 
 2.170000e+00 -9.360769e-01 -9.416428e-01 -3.636689e-01 
 2.180000e+00 -8.929797e-01 -9.012429e-01 -4.260194e-01 
 2.190000e+00 -8.262702e-01 -8.374474e-01 -4.958656e-01 
 2.200000e+00 -7.339667e-01 -7.482255e-01 -5.733836e-01 
 2.210000e+00 -6.145252e-01 -6.319717e-01 -6.585689e-01 
 2.220000e+00 -4.669554e-01 -4.876223e-01 -7.511910e-01 
 2.230000e+00 -2.909325e-01 -3.147688e-01 -8.507476e-01 
 2.240000e+00 -8.690001e-02 -1.137621e-01 -9.564167e-01 
 2.250000e+00  1.438426e-01  1.141970e-01 -1.067012e+00 
 2.260000e+00  3.990734e-01  3.669887e-01 -1.180939e+00 
 2.270000e+00  6.756070e-01  6.415295e-01 -1.296161e+00 
 2.280000e+00  9.692857e-01  9.337598e-01 -1.410172e+00 
 2.290000e+00  1.275005e+00  1.238665e+00 -1.519983e+00 
 2.300000e+00  1.586777e+00  1.550334e+00 -1.622122e+00 
 2.310000e+00  1.897835e+00  1.862063e+00 -1.712656e+00 
 2.320000e+00  2.200776e+00  2.166490e+00 -1.787231e+00 
 2.330000e+00  2.487740e+00  2.455772e+00 -1.841138e+00 
 2.340000e+00  2.750623e+00  2.721800e+00 -1.869406e+00 
 2.350000e+00  2.981321e+00  2.956436e+00 -1.866915e+00 
 2.360000e+00  3.171987e+00  3.151770e+00 -1.828541e+00 
 2.370000e+00  3.315305e+00  3.300401e+00 -1.749326e+00 
 2.380000e+00  3.404764e+00  3.395703e+00 -1.624662e+00 
 2.390000e+00  3.434915e+00  3.432095e+00 -1.450499e+00 
 2.400000e+00  3.401619e+00  3.405286e+00 -1.223562e+00 
 2.410000e+00  3.302247e+00  3.312485e+00 -9.415666e-01 
 2.420000e+00  3.135853e+00  3.152576e+00 -6.034341e-01 
 2.430000e+00  2.903282e+00  2.926237e+00 -2.094902e-01 
 2.440000e+00  2.607227e+00  2.636001e+00  2.383648e-01 
 2.450000e+00  2.252223e+00  2.286256e+00  7.365193e-01 
 2.460000e+00  1.844573e+00  1.883179e+00  1.279562e+00 
 2.470000e+00  1.392213e+00  1.434605e+00  1.860250e+00 
 2.480000e+00  9.045105e-01  9.498319e-01  2.469539e+00 
 2.490000e+00  3.920153e-01  4.393725e-01  3.096685e+00 
 2.500000e+00 -1.338394e-01 -8.534264e-02  3.729416e+00 
 2.510000e+00 -6.610705e-01 -6.122988e-01  4.354184e+00 
 2.520000e+00 -1.177501e+00 -1.129255e+00  4.956475e+00 
 2.530000e+00 -1.671125e+00 -1.624112e+00  5.521196e+00 
 2.540000e+00 -2.130470e+00 -2.085280e+00  6.033099e+00 
 2.550000e+00 -2.544937e+00 -2.502029e+00  6.477261e+00 
 2.560000e+00 -2.905120e+00 -2.864804e+00  6.839568e+00 
 2.570000e+00 -3.203068e+00 -3.165510e+00  7.107220e+00 
 2.580000e+00 -3.432515e+00 -3.397739e+00  7.269205e+00 
 2.590000e+00 -3.589035e+00 -3.556937e+00  7.316744e+00 
 2.600000e+00 -3.670147e+00 -3.640516e+00  7.243671e+00 
 2.610000e+00 -3.675349e+00 -3.647893e+00  7.046738e+00 
 2.620000e+00 -3.606091e+00 -3.580470e+00  6.725830e+00 
 2.630000e+00 -3.465688e+00 -3.441545e+00  6.284060e+00 
 2.640000e+00 -3.259178e+00 -3.236175e+00  5.727764e+00 
 2.650000e+00 -2.993129e+00 -2.970981e+00  5.066366e+00 
 2.660000e+00 -2.675411e+00 -2.653919e+00  4.312129e+00 
 2.670000e+00 -2.314936e+00 -2.294010e+00  3.479795e+00 
 2.680000e+00 -1.921380e+00 -1.901060e+00  2.586132e+00 
 2.690000e+00 -1.504891e+00 -1.485358e+00  1.649394e+00 
 2.700000e+00 -1.075797e+00 -1.057379e+00  6.887359e-01 
 2.710000e+00 -6.443318e-01 -6.274942e-01 -2.764182e-01 
 2.720000e+00 -2.203631e-01 -2.056975e-01 -1.227001e+00 
 2.730000e+00  1.868448e-01  1.986460e-01 -2.144912e+00 
 2.740000e+00  5.688446e-01  5.770180e-01 -3.013578e+00 
 2.750000e+00  9.181842e-01  9.219322e-01 -3.818438e+00 
 2.760000e+00  1.228549e+00  1.227081e+00 -4.547343e+00 
 2.770000e+00  1.494869e+00  1.487442e+00 -5.190839e+00 
 2.780000e+00  1.713379e+00  1.699344e+00 -5.742336e+00 
 2.790000e+00  1.881653e+00  1.860493e+00 -6.198145e+00 
 2.800000e+00  1.998593e+00  1.969957e+00 -6.557408e+00 
 2.810000e+00  2.064385e+00  2.028122e+00 -6.821896e+00 
 2.820000e+00  2.080427e+00  2.036603e+00 -6.995714e+00 
 2.830000e+00  2.049226e+00  1.998135e+00 -7.084927e+00 
 2.840000e+00  1.974269e+00  1.916440e+00 -7.097115e+00 
 2.850000e+00  1.859885e+00  1.796065e+00 -7.040897e+00 
 2.860000e+00  1.711077e+00  1.642218e+00 -6.925441e+00 
 2.870000e+00  1.533355e+00  1.460582e+00 -6.759990e+00 
 2.880000e+00  1.332560e+00  1.257136e+00 -6.553425e+00 
 2.890000e+00  1.114690e+00  1.037971e+00 -6.313883e+00 
 2.900000e+00  8.857266e-01  8.091159e-01 -6.048452e+00 
 2.910000e+00  6.514747e-01  5.763733e-01 -5.762960e+00 
 2.920000e+00  4.174173e-01  3.451745e-01 -5.461848e+00 
 2.930000e+00  1.885848e-01  1.204524e-01 -5.148146e+00 
 2.940000e+00 -3.055237e-02 -9.346155e-02 -4.823539e+00 
 2.950000e+00 -2.361670e-01 -2.929137e-01 -4.488517e+00 
 2.960000e+00 -4.251336e-01 -4.749784e-01 -4.142594e+00 
 2.970000e+00 -5.950594e-01 -6.374796e-01 -3.784582e+00 
 2.980000e+00 -7.442888e-01 -7.789853e-01 -3.412893e+00 
 2.990000e+00 -8.718830e-01 -8.987772e-01 -3.025861e+00 
 3.000000e+00 -9.775750e-01 -9.967963e-01 -2.622056e+00 
 3.010000e+00 -1.061704e+00 -1.073569e+00 -2.200566e+00 
 3.020000e+00 -1.125135e+00 -1.130117e+00 -1.761243e+00 
 3.030000e+00 -1.169161e+00 -1.167859e+00 -1.304883e+00 
 3.040000e+00 -1.195401e+00 -1.188502e+00 -8.333478e-01 
 3.050000e+00 -1.205694e+00 -1.193932e+00 -3.496038e-01 
 3.060000e+00 -1.201993e+00 -1.186112e+00  1.423056e-01 
 3.070000e+00 -1.186266e+00 -1.166985e+00  6.373644e-01 
 3.080000e+00 -1.160407e+00 -1.138389e+00  1.129750e+00 
 3.090000e+00 -1.126163e+00 -1.101989e+00  1.613053e+00 
 3.100000e+00 -1.085072e+00 -1.059224e+00  2.080536e+00 
 3.110000e+00 -1.038425e+00 -1.011273e+00  2.525415e+00 
 3.120000e+00 -9.872438e-01 -9.590441e-01  2.941148e+00 
 3.130000e+00 -9.322768e-01 -9.031779e-01  3.321714e+00 
 3.140000e+00 -8.740150e-01 -8.440674e-01  3.661865e+00 
 3.150000e+00 -8.127206e-01 -7.818946e-01  3.957337e+00 
 3.160000e+00 -7.484700e-01 -7.166773e-01  4.205012e+00 
 3.170000e+00 -6.812051e-01 -6.483237e-01  4.403020e+00 
 3.180000e+00 -6.107906e-01 -5.766905e-01  4.550778e+00 
 3.190000e+00 -5.370725e-01 -5.016416e-01  4.648965e+00 
 3.200000e+00 -4.599355e-01 -4.231025e-01  4.699435e+00 
 3.210000e+00 -3.793536e-01 -3.411087e-01  4.705075e+00 
 3.220000e+00 -2.954333e-01 -2.558433e-01  4.669624e+00 
 3.230000e+00 -2.084452e-01 -1.676637e-01  4.597451e+00 
 3.240000e+00 -1.188432e-01 -7.711443e-02  4.493316e+00 
 3.250000e+00 -2.727026e-02  1.507289e-02  4.362130e+00 
 3.260000e+00  6.544927e-02  1.079933e-01  4.208713e+00 
 3.270000e+00  1.583301e-01  2.005941e-01  4.037584e+00 
 3.280000e+00  2.502578e-01  2.917113e-01  3.852775e+00 
 3.290000e+00  3.400289e-01  3.801129e-01  3.657690e+00 
 3.300000e+00  4.263987e-01  4.645489e-01  3.455011e+00 
 3.310000e+00  5.081316e-01  5.438018e-01  3.246657e+00 
 3.320000e+00  5.840522e-01  6.167378e-01  3.033790e+00 
 3.330000e+00  6.530942e-01  6.823531e-01  2.816871e+00 
 3.340000e+00  7.143438e-01  7.398139e-01  2.595765e+00 
 3.350000e+00  7.670753e-01  7.884887e-01  2.369868e+00 
 3.360000e+00  8.107774e-01  8.279692e-01  2.138275e+00 
 3.370000e+00  8.451687e-01  8.580805e-01  1.899948e+00 
 3.380000e+00  8.702015e-01  8.788801e-01  1.653898e+00 
 3.390000e+00  8.860543e-01  8.906450e-01  1.399351e+00 
 3.400000e+00  8.931140e-01  8.938492e-01  1.135901e+00 
 3.410000e+00  8.919477e-01  8.891326e-01  8.636315e-01 
 3.420000e+00  8.832684e-01  8.772627e-01  5.832036e-01 
 3.430000e+00  8.678940e-01  8.590925e-01  2.959052e-01 
 3.440000e+00  8.467040e-01  8.355164e-01  3.657055e-03 
 3.450000e+00  8.205954e-01  8.074270e-01 -2.910217e-01 
 3.460000e+00  7.904414e-01  7.756748e-01 -5.850878e-01 
 3.470000e+00  7.570532e-01  7.410330e-01 -8.750818e-01 
 3.480000e+00  7.211489e-01  7.041696e-01 -1.157263e+00 
 3.490000e+00  6.833302e-01  6.656280e-01 -1.427763e+00 
 3.500000e+00  6.440671e-01  6.258159e-01 -1.682751e+00 
 3.510000e+00  6.036925e-01  5.850039e-01 -1.918593e+00 
 3.520000e+00  5.624060e-01  5.433337e-01 -2.132014e+00 
 3.530000e+00  5.202853e-01  5.008328e-01 -2.320223e+00 
 3.540000e+00  4.773063e-01  4.574375e-01 -2.481038e+00 
 3.550000e+00  4.333680e-01  4.130203e-01 -2.612952e+00 
 3.560000e+00  3.883219e-01  3.674204e-01 -2.715192e+00 
 3.570000e+00  3.420038e-01  3.204757e-01 -2.787715e+00 
 3.580000e+00  2.942651e-01  2.720537e-01 -2.831193e+00 
 3.590000e+00  2.450022e-01  2.220796e-01 -2.846944e+00 
 3.600000e+00  1.941830e-01  1.705601e-01 -2.836845e+00 
 3.610000e+00  1.418666e-01  1.176007e-01 -2.803221e+00 
 3.620000e+00  8.821768e-02  6.341699e-02 -2.748713e+00 
 3.630000e+00  3.351353e-02  8.337832e-03 -2.676140e+00 
 3.640000e+00 -2.185708e-02 -4.719893e-02 -2.588363e+00 
 3.650000e+00 -7.740186e-02 -1.026577e-01 -2.488150e+00 
 3.660000e+00 -1.325399e-01 -1.574230e-01 -2.378063e+00 
 3.670000e+00 -1.866226e-01 -2.108224e-01 -2.260359e+00 
 3.680000e+00 -2.389588e-01 -2.621534e-01 -2.136918e+00 
 3.690000e+00 -2.888429e-01 -3.107129e-01 -2.009199e+00 
 3.700000e+00 -3.355847e-01 -3.558262e-01 -1.878227e+00 
 3.710000e+00 -3.785384e-01 -3.968760e-01 -1.744605e+00 
 3.720000e+00 -4.171297e-01 -4.333278e-01 -1.608557e+00 
 3.730000e+00 -4.508790e-01 -4.647514e-01 -1.469988e+00 
 3.740000e+00 -4.794207e-01 -4.908372e-01 -1.328570e+00 
 3.750000e+00 -5.025152e-01 -5.114059e-01 -1.183832e+00 
 3.760000e+00 -5.200566e-01 -5.264125e-01 -1.035262e+00 
 3.770000e+00 -5.320714e-01 -5.359431e-01 -8.824076e-01 
 3.780000e+00 -5.387132e-01 -5.402057e-01 -7.249642e-01 
 3.790000e+00 -5.402497e-01 -5.395153e-01 -5.628595e-01 
 3.800000e+00 -5.370457e-01 -5.342750e-01 -3.963142e-01 
 3.810000e+00 -5.295417e-01 -5.249531e-01 -2.258842e-01 
 3.820000e+00 -5.182304e-01 -5.120584e-01 -5.248035e-02 
 3.830000e+00 -5.036313e-01 -4.961155e-01  1.226373e-01 
 3.840000e+00 -4.862663e-01 -4.776402e-01  2.978869e-01 
 3.850000e+00 -4.666364e-01 -4.571176e-01  4.714143e-01 
 3.860000e+00 -4.452012e-01 -4.349835e-01  6.411602e-01 
 3.870000e+00 -4.223628e-01 -4.116096e-01  8.049412e-01 
 3.880000e+00 -3.984538e-01 -3.872946e-01  9.605396e-01 
 3.890000e+00 -3.737305e-01 -3.622591e-01  1.105797e+00 
 3.900000e+00 -3.483716e-01 -3.366471e-01  1.238706e+00 
 3.910000e+00 -3.224820e-01 -3.105318e-01  1.357493e+00 
 3.920000e+00 -2.961004e-01 -2.839254e-01  1.460695e+00 
 3.930000e+00 -2.692125e-01 -2.567932e-01  1.547210e+00 
 3.940000e+00 -2.417652e-01 -2.290698e-01  1.616344e+00 
 3.950000e+00 -2.136844e-01 -2.006768e-01  1.667820e+00 
 3.960000e+00 -1.848927e-01 -1.715404e-01  1.701786e+00 
 3.970000e+00 -1.553270e-01 -1.416090e-01  1.718782e+00 
 3.980000e+00 -1.249546e-01 -1.108679e-01  1.719707e+00 
 3.990000e+00 -9.378659e-02 -7.935179e-02  1.705761e+00 
 4.000000e+00 -6.188855e-02 -4.715313e-02  1.678372e+00 
 4.010000e+00 -2.938680e-02 -1.442703e-02  1.639126e+00 
 4.020000e+00  3.529191e-03  1.860850e-02  1.589687e+00 
 4.030000e+00  3.660880e-02  5.167640e-02  1.531715e+00 
 4.040000e+00  6.954627e-02  8.444840e-02  1.466798e+00 
 4.050000e+00  1.019905e-01  1.165562e-01  1.396384e+00 
 4.060000e+00  1.335576e-01  1.476056e-01  1.321735e+00 
 4.070000e+00  1.638465e-01  1.771920e-01  1.243891e+00 
 4.080000e+00  1.924546e-01  2.049174e-01  1.163646e+00 
 4.090000e+00  2.189952e-01  2.304070e-01  1.081549e+00 
 4.100000e+00  2.431133e-01  2.533250e-01  9.979180e-01 
 4.110000e+00  2.645004e-01  2.733879e-01  9.128631e-01 
 4.120000e+00  2.829072e-01  2.903764e-01  8.263298e-01 
 4.130000e+00  2.981526e-01  3.041427e-01  7.381469e-01 
 4.140000e+00  3.101302e-01  3.146154e-01  6.480809e-01 
 4.150000e+00  3.188103e-01  3.217995e-01  5.558929e-01 
 4.160000e+00  3.242387e-01  3.257744e-01  4.613935e-01 
 4.170000e+00  3.265318e-01  3.266863e-01  3.644934e-01 
 4.180000e+00  3.258687e-01  3.247398e-01  2.652450e-01 
 4.190000e+00  3.224799e-01  3.201854e-01  1.638743e-01 
 4.200000e+00  3.166351e-01  3.133066e-01  6.079983e-02 
 4.210000e+00  3.086292e-01  3.044056e-01 -4.336127e-02 
 4.220000e+00  2.987680e-01  2.937887e-01 -1.478009e-01 
 4.230000e+00  2.873539e-01  2.817532e-01 -2.515402e-01 
 4.240000e+00  2.746739e-01  2.685755e-01 -3.534617e-01 
 4.250000e+00  2.609881e-01  2.545008e-01 -4.523503e-01 
 4.260000e+00  2.465215e-01  2.397361e-01 -5.469417e-01 
 4.270000e+00  2.314580e-01  2.244455e-01 -6.359739e-01 
 4.280000e+00  2.159378e-01  2.087490e-01 -7.182405e-01 
 4.290000e+00  2.000573e-01  1.927239e-01 -7.926419e-01 
 4.300000e+00  1.838724e-01  1.764086e-01 -8.582300e-01 
 4.310000e+00  1.674033e-01  1.598097e-01 -9.142476e-01 
 4.320000e+00  1.506428e-01  1.429098e-01 -9.601565e-01 
 4.330000e+00  1.335649e-01  1.256770e-01 -9.956557e-01 
 4.340000e+00  1.161346e-01  1.080757e-01 -1.020687e+00 
 4.350000e+00  9.831852e-02  9.007565e-02 -1.035430e+00 
 4.360000e+00  8.009398e-02  7.166206e-02 -1.040285e+00 
 4.370000e+00  6.145806e-02  5.284317e-02 -1.035848e+00 
 4.380000e+00  4.243456e-02  3.365664e-02 -1.022871e+00 
 4.390000e+00  2.307908e-02  1.417362e-02 -1.002229e+00 
 4.400000e+00  3.481907e-03 -5.499495e-03 -9.748672e-01 
 4.410000e+00 -1.623159e-02 -2.522171e-02 -9.417636e-01 
 4.420000e+00 -3.590292e-02 -4.482048e-02 -9.038797e-01 
 4.430000e+00 -5.534464e-02 -6.409691e-02 -8.621232e-01 
 4.440000e+00 -7.434662e-02 -8.283266e-02 -8.173135e-01 
 4.450000e+00 -9.268375e-02 -1.007984e-01 -7.701564e-01 
 4.460000e+00 -1.101248e-01 -1.177629e-01 -7.212256e-01 
 4.470000e+00 -1.264421e-01 -1.335026e-01 -6.709556e-01 
 4.480000e+00 -1.414204e-01 -1.478112e-01 -6.196427e-01 
 4.490000e+00 -1.548666e-01 -1.605078e-01 -5.674552e-01 
 4.500000e+00 -1.666172e-01 -1.714444e-01 -5.144516e-01 
 4.510000e+00 -1.765447e-01 -1.805116e-01 -4.606046e-01 
 4.520000e+00 -1.845627e-01 -1.876427e-01 -4.058306e-01 
 4.530000e+00 -1.906281e-01 -1.928147e-01 -3.500205e-01 
 4.540000e+00 -1.947422e-01 -1.960487e-01 -2.930723e-01 
 4.550000e+00 -1.969487e-01 -1.974069e-01 -2.349208e-01 
 4.560000e+00 -1.973304e-01 -1.969887e-01 -1.755651e-01 
 4.570000e+00 -1.960041e-01 -1.949243e-01 -1.150903e-01 
 4.580000e+00 -1.931139e-01 -1.913682e-01 -5.368238e-02 
 4.590000e+00 -1.888236e-01 -1.864910e-01  8.362852e-03 
 4.600000e+00 -1.833090e-01 -1.804712e-01  7.063966e-02 
 4.610000e+00 -1.767492e-01 -1.734872e-01  1.326392e-01 
 4.620000e+00 -1.693193e-01 -1.657103e-01  1.937634e-01 
 4.630000e+00 -1.611833e-01 -1.572974e-01  2.533455e-01 
 4.640000e+00 -1.524883e-01 -1.483867e-01  3.106745e-01 
 4.650000e+00 -1.433603e-01 -1.390934e-01  3.650237e-01 
 4.660000e+00 -1.339011e-01 -1.295080e-01  4.156806e-01 
 4.670000e+00 -1.241877e-01 -1.196960e-01  4.619767e-01 
 4.680000e+00 -1.142724e-01 -1.096993e-01  5.033153e-01 
 4.690000e+00 -1.041855e-01 -9.953888e-02  5.391965e-01 
 4.700000e+00 -9.393840e-02 -8.921879e-02  5.692364e-01 
 4.710000e+00 -8.352826e-02 -7.873135e-02  5.931818e-01 
 4.720000e+00 -7.294345e-02 -6.806250e-02  6.109179e-01 
 4.730000e+00 -6.216909e-02 -5.719758e-02  6.224689e-01 
 4.740000e+00 -5.119275e-02 -4.612691e-02  6.279931e-01 
 4.750000e+00 -4.000975e-02 -3.485078e-02  6.277705e-01 
 4.760000e+00 -2.862780e-02 -2.338368e-02  6.221866e-01 
 4.770000e+00 -1.707055e-02 -1.175739e-02  6.117105e-01 
 4.780000e+00 -5.380134e-03 -2.287876e-05  5.968713e-01 
 4.790000e+00  6.381807e-03  1.174925e-02  5.782322e-01 
 4.800000e+00  1.813431e-02  2.346961e-02  5.563647e-01 
 4.810000e+00  2.977871e-02  3.503219e-02  5.318249e-01 
 4.820000e+00  4.120143e-02  4.631770e-02  5.051310e-01 
 4.830000e+00  5.227787e-02  5.719782e-02  4.767461e-01 
 4.840000e+00  6.287705e-02  6.754017e-02  4.470648e-01 
 4.850000e+00  7.286681e-02  7.721364e-02  4.164048e-01 
 4.860000e+00  8.211917e-02  8.609376e-02  3.850043e-01 
 4.870000e+00  9.051567e-02  9.406789e-02  3.530242e-01 
 4.880000e+00  9.795224e-02  1.010398e-01  3.205560e-01 
 4.890000e+00  1.043434e-01  1.069337e-01  2.876324e-01 
 4.900000e+00  1.096257e-01  1.116968e-01  2.542430e-01 
 4.910000e+00  1.137599e-01  1.153012e-01  2.203503e-01 
 4.920000e+00  1.167318e-01  1.177445e-01  1.859085e-01 
 4.930000e+00  1.185527e-01  1.190492e-01  1.508808e-01 
 4.940000e+00  1.192577e-01  1.192604e-01  1.152563e-01 
 4.950000e+00  1.189032e-01  1.184437e-01  7.906406e-02 
 4.960000e+00  1.175642e-01  1.166812e-01  4.238445e-02 
 4.970000e+00  1.153298e-01  1.140672e-01  5.356201e-03 
 4.980000e+00  1.122989e-01  1.107038e-01 -3.182035e-02 
 4.990000e+00  1.085758e-01  1.066961e-01 -6.888453e-02 
 5.000000e+00  1.042651e-01  1.021480e-01 -1.055208e-01 
 5.010000e+00  9.946803e-02  9.715754e-02 -1.413678e-01 
 5.020000e+00  9.427819e-02  9.181418e-02 -1.760312e-01 
 5.030000e+00  8.877877e-02  8.619556e-02 -2.090985e-01 
 5.040000e+00  8.304028e-02  8.036595e-02 -2.401551e-01 
 5.050000e+00  7.711930e-02  7.437542e-02 -2.688022e-01 
 5.060000e+00  7.105820e-02  6.826000e-02 -2.946724e-01 
 5.070000e+00  6.488578e-02  6.204266e-02 -3.174459e-01 
 5.080000e+00  5.861876e-02  5.573520e-02 -3.368630e-01 
 5.090000e+00  5.226394e-02  4.934070e-02 -3.527343e-01 
 5.100000e+00  4.582101e-02  4.285647e-02 -3.649476e-01 
 5.110000e+00  3.928557e-02  3.627723e-02 -3.734708e-01 
 5.120000e+00  3.265239e-02  2.959831e-02 -3.783513e-01 
 5.130000e+00  2.591858e-02  2.281874e-02 -3.797110e-01 
 5.140000e+00  1.908640e-02  1.594393e-02 -3.777393e-01 
 5.150000e+00  1.216576e-02  8.987840e-03 -3.726816e-01 
 5.160000e+00  5.175979e-03  1.974478e-03 -3.648273e-01 
 5.170000e+00 -1.853069e-03 -5.061295e-03 -3.544950e-01 
 5.180000e+00 -8.880597e-03 -1.207378e-02 -3.420181e-01 
 5.190000e+00 -1.585533e-02 -1.900722e-02 -3.277305e-01 
 5.200000e+00 -2.271668e-02 -2.579723e-02 -3.119527e-01 
 5.210000e+00 -2.939652e-02 -3.237297e-02 -2.949804e-01 
 5.220000e+00 -3.582163e-02 -3.865964e-02 -2.770753e-01 
 5.230000e+00 -4.191640e-02 -4.458143e-02 -2.584582e-01 
 5.240000e+00 -4.760585e-02 -5.006457e-02 -2.393052e-01 
 5.250000e+00 -5.281871e-02 -5.504035e-02 -2.197477e-01 
 5.260000e+00 -5.749034e-02 -5.944798e-02 -1.998741e-01 
 5.270000e+00 -6.156539e-02 -6.323704e-02 -1.797350e-01 
 5.280000e+00 -6.500001e-02 -6.636948e-02 -1.593504e-01 
 5.290000e+00 -6.776357e-02 -6.882103e-02 -1.387185e-01 
 5.300000e+00 -6.983964e-02 -7.058192e-02 -1.178253e-01 
 5.310000e+00 -7.122641e-02 -7.165696e-02 -9.665512e-02 
 5.320000e+00 -7.193634e-02 -7.206489e-02 -7.520044e-02 
 5.330000e+00 -7.199521e-02 -7.183715e-02 -5.347069e-02 
 5.340000e+00 -7.144057e-02 -7.101608e-02 -3.149987e-02 
 5.350000e+00 -7.031973e-02 -6.965276e-02 -9.352065e-03 
 5.360000e+00 -6.868735e-02 -6.780445e-02  1.287526e-02 
 5.370000e+00 -6.660287e-02 -6.553199e-02  3.505040e-02 
 5.380000e+00 -6.412787e-02 -6.289714e-02  5.700897e-02 
 5.390000e+00 -6.132342e-02 -5.996005e-02  7.855779e-02 
 5.400000e+00 -5.824783e-02 -5.677709e-02  9.948085e-02 
 5.410000e+00 -5.495452e-02 -5.339900e-02  1.195469e-01 
 5.420000e+00 -5.149053e-02 -4.986953e-02  1.385185e-01 
 5.430000e+00 -4.789541e-02 -4.622458e-02  1.561611e-01 
 5.440000e+00 -4.420065e-02 -4.249197e-02  1.722531e-01 
 5.450000e+00 -4.042975e-02 -3.869166e-02  1.865950e-01 
 5.460000e+00 -3.659870e-02 -3.483646e-02  1.990175e-01 
 5.470000e+00 -3.271699e-02 -3.093328e-02  2.093882e-01 
 5.480000e+00 -2.878894e-02 -2.698453e-02  2.176172e-01 
 5.490000e+00 -2.481533e-02 -2.298992e-02  2.236596e-01 
 5.500000e+00 -2.079519e-02 -1.894822e-02  2.275169e-01 
 5.510000e+00 -1.672763e-02 -1.485908e-02  2.292352e-01 
 5.520000e+00 -1.261354e-02 -1.072470e-02  2.289025e-01 
 5.530000e+00 -8.457179e-03 -6.551258e-03  2.266434e-01 
 5.540000e+00 -4.267386e-03 -2.349988e-03  2.226122e-01 
 5.550000e+00 -5.850542e-05  1.862084e-03  2.169859e-01 
 5.560000e+00  4.149148e-03  6.061871e-03  2.099556e-01 
 5.570000e+00  8.329242e-03  1.022038e-02  2.017179e-01 
 5.580000e+00  1.244982e-02  1.430329e-02  1.924672e-01 
 5.590000e+00  1.647411e-02  1.827195e-02  1.823883e-01 
 5.600000e+00  2.036165e-02  2.208463e-02  1.716495e-01 
 5.610000e+00  2.406975e-02  2.569809e-02  1.603989e-01 
 5.620000e+00  2.755512e-02  2.906927e-02  1.487600e-01 
 5.630000e+00  3.077558e-02  3.215700e-02  1.368311e-01 
 5.640000e+00  3.369178e-02  3.492374e-02  1.246848e-01 
 5.650000e+00  3.626884e-02  3.733706e-02  1.123702e-01 
 5.660000e+00  3.847776e-02  3.937100e-02  9.991634e-02 
 5.670000e+00  4.029655e-02  4.100709e-02  8.733592e-02 
 5.680000e+00  4.171112e-02  4.223496e-02  7.463113e-02 
 5.690000e+00  4.271567e-02  4.305264e-02  6.179901e-02 
 5.700000e+00  4.331276e-02  4.346648e-02  4.883728e-02 
 5.710000e+00  4.351304e-02  4.349060e-02  3.574976e-02 
 5.720000e+00  4.333452e-02  4.314611e-02  2.255117e-02 
 5.730000e+00  4.280159e-02  4.245997e-02  9.271004e-03 
 5.740000e+00  4.194382e-02  4.146370e-02 -4.043799e-03 
 5.750000e+00  4.079450e-02  4.019185e-02 -1.732745e-02 
 5.760000e+00  3.938918e-02  3.868053e-02 -3.049532e-02 
 5.770000e+00  3.776412e-02  3.696591e-02 -4.344535e-02 
 5.780000e+00  3.595487e-02  3.508282e-02 -5.606064e-02 
 5.790000e+00  3.399499e-02  3.306356e-02 -6.821325e-02 
 5.800000e+00  3.191497e-02  3.093697e-02 -7.976876e-02 
 5.810000e+00  2.974141e-02  2.872770e-02 -9.059149e-02 
 5.820000e+00  2.749652e-02  2.645588e-02 -1.005499e-01 
 5.830000e+00  2.519792e-02  2.413702e-02 -1.095221e-01 
 5.840000e+00  2.285873e-02  2.178228e-02 -1.174009e-01 
 5.850000e+00  2.048794e-02  1.939896e-02 -1.240980e-01 
 5.860000e+00  1.809106e-02  1.699121e-02 -1.295478e-01 
 5.870000e+00  1.567096e-02  1.456096e-02 -1.337098e-01 
 5.880000e+00  1.322878e-02  1.210885e-02 -1.365699e-01 
 5.890000e+00  1.076498e-02  9.635344e-03 -1.381403e-01 
 5.900000e+00  8.280329e-03  7.141659e-03 -1.384585e-01 
 5.910000e+00  5.776901e-03  4.630694e-03 -1.375851e-01 
 5.920000e+00  3.258849e-03  2.107769e-03 -1.356006e-01 
 5.930000e+00  7.330693e-04 -4.188323e-04 -1.326010e-01 
 5.940000e+00 -1.790386e-03 -2.937539e-03 -1.286938e-01 
 5.950000e+00 -4.298118e-03 -5.433429e-03 -1.239931e-01 
 5.960000e+00 -6.773452e-03 -7.888403e-03 -1.186145e-01 
 5.970000e+00 -9.196743e-03 -1.028160e-02 -1.126711e-01 
 5.980000e+00 -1.154590e-02 -1.259003e-02 -1.062690e-01 
 5.990000e+00 -1.379713e-02 -1.478933e-02 -9.950440e-02 
 6.000000e+00 -1.592573e-02 -1.685471e-02 -9.246073e-02 
 6.010000e+00 -1.790713e-02 -1.876189e-02 -8.520751e-02 
 6.020000e+00 -1.971778e-02 -2.048814e-02 -7.779955e-02 
 6.030000e+00 -2.133620e-02 -2.201314e-02 -7.027746e-02 
 6.040000e+00 -2.274379e-02 -2.331986e-02 -6.266893e-02 
 6.050000e+00 -2.392562e-02 -2.439524e-02 -5.499082e-02 
 6.060000e+00 -2.487103e-02 -2.523068e-02 -4.725174e-02 
 6.070000e+00 -2.557400e-02 -2.582236e-02 -3.945517e-02 
 6.080000e+00 -2.603333e-02 -2.617128e-02 -3.160268e-02 
 6.090000e+00 -2.625259e-02 -2.628313e-02 -2.369710e-02 
 6.100000e+00 -2.623988e-02 -2.616795e-02 -1.574551e-02 
 6.110000e+00 -2.600737e-02 -2.583958e-02 -7.761796e-03 
 6.120000e+00 -2.557065e-02 -2.531499e-02  2.314307e-04 
 6.130000e+00 -2.494803e-02 -2.461345e-02  8.201538e-03 
 6.140000e+00 -2.415966e-02 -2.375573e-02  1.610538e-02 
 6.150000e+00 -2.322672e-02 -2.276318e-02  2.388960e-02 
 6.160000e+00 -2.217049e-02 -2.165695e-02  3.149165e-02 
 6.170000e+00 -2.101164e-02 -2.045715e-02  3.884154e-02 
 6.180000e+00 -1.976948e-02 -1.918232e-02  4.586417e-02 
 6.190000e+00 -1.846139e-02 -1.784882e-02  5.248202e-02 
 6.200000e+00 -1.710243e-02 -1.647059e-02  5.861825e-02 
 6.210000e+00 -1.570512e-02 -1.505892e-02  6.419973e-02 
 6.220000e+00 -1.427935e-02 -1.362255e-02  6.916008e-02 
 6.230000e+00 -1.283249e-02 -1.216776e-02  7.344243e-02 
 6.240000e+00 -1.136968e-02 -1.069878e-02  7.700175e-02 
 6.250000e+00 -9.894212e-03 -9.218194e-03  7.980662e-02 
 6.260000e+00 -8.408010e-03 -7.727471e-03  8.184043e-02 
 6.270000e+00 -6.912204e-03 -6.227544e-03  8.310182e-02 
 6.280000e+00 -5.407696e-03 -4.719383e-03  8.360449e-02 
 6.290000e+00 -3.895730e-03 -3.204547e-03  8.337627e-02 
 6.300000e+00 -2.378406e-03 -1.685659e-03  8.245766e-02 
 6.310000e+00 -8.591052e-04 -1.667903e-04  8.089976e-02 
 6.320000e+00  6.571853e-04  1.346273e-03  7.876193e-02 
 6.330000e+00  2.163684e-03  2.845904e-03  7.610909e-02 
 6.340000e+00  3.651759e-03  4.322642e-03  7.300900e-02 
 6.350000e+00  5.111020e-03  5.765348e-03  6.952957e-02 
 6.360000e+00  6.529532e-03  7.161479e-03  6.573634e-02 
 6.370000e+00  7.894166e-03  8.497478e-03  6.169034e-02 
 6.380000e+00  9.191025e-03  9.759250e-03  5.744635e-02 
 6.390000e+00  1.040596e-02  1.093269e-02  5.305166e-02 
 6.400000e+00  1.152513e-02  1.200425e-02  4.854534e-02 
 6.410000e+00  1.253552e-02  1.296148e-02  4.395817e-02 
 6.420000e+00  1.342552e-02  1.379352e-02  3.931302e-02 
 6.430000e+00  1.418536e-02  1.449161e-02  3.462570e-02 
 6.440000e+00  1.480756e-02  1.504936e-02  2.990630e-02 
 6.450000e+00  1.528714e-02  1.546305e-02  2.516072e-02 
 6.460000e+00  1.562191e-02  1.573172e-02  2.039247e-02 
 6.470000e+00  1.581240e-02  1.585719e-02  1.560450e-02 
 6.480000e+00  1.586190e-02  1.584392e-02  1.080097e-02 
 6.490000e+00  1.577619e-02  1.569877e-02  5.988821e-03 
 6.500000e+00  1.556328e-02  1.543064e-02  1.179161e-03 
 6.510000e+00  1.523301e-02  1.505010e-02 -3.611813e-03 
 6.520000e+00  1.479663e-02  1.456887e-02 -8.362229e-03 
 6.530000e+00  1.426628e-02  1.399938e-02 -1.304442e-02 
 6.540000e+00  1.365453e-02  1.335423e-02 -1.762525e-02 
 6.550000e+00  1.297385e-02  1.264572e-02 -2.206685e-02 
 6.560000e+00  1.223623e-02  1.188551e-02 -2.632772e-02 
 6.570000e+00  1.145277e-02  1.108418e-02 -3.036415e-02 
 6.580000e+00  1.063338e-02  1.025107e-02 -3.413182e-02 
 6.590000e+00  9.786625e-03  9.394039e-03 -3.758758e-02 
 6.600000e+00  8.919554e-03  8.519474e-03 -4.069115e-02 
 6.610000e+00  8.037752e-03  7.632299e-03 -4.340683e-02 
 6.620000e+00  7.145407e-03  6.736116e-03 -4.570494e-02 
 6.630000e+00  6.245493e-03  5.833407e-03 -4.756307e-02 
 6.640000e+00  5.340007e-03  4.925811e-03 -4.896696e-02 
 6.650000e+00  4.430267e-03  4.014428e-03 -4.991100e-02 
 6.660000e+00  3.517226e-03  3.100141e-03 -5.039839e-02 
 6.670000e+00  2.601802e-03  2.183948e-03 -5.044082e-02 
 6.680000e+00  1.685187e-03  1.267249e-03 -5.005786e-02 
 6.690000e+00  7.691232e-04  3.521080e-04 -4.927599e-02 
 6.700000e+00 -1.438782e-04 -5.585604e-04 -4.812732e-02 
 6.710000e+00 -1.050377e-03 -1.460863e-03 -4.664821e-02 
 6.720000e+00 -1.945927e-03 -2.349887e-03 -4.487769e-02 
 6.730000e+00 -2.825071e-03 -3.219733e-03 -4.285591e-02 
 6.740000e+00 -3.681421e-03 -4.063625e-03 -4.062261e-02 
 6.750000e+00 -4.507809e-03 -4.874098e-03 -3.821578e-02 
 6.760000e+00 -5.296497e-03 -5.643233e-03 -3.567047e-02 
 6.770000e+00 -6.039449e-03 -6.362940e-03 -3.301792e-02 
 6.780000e+00 -6.728621e-03 -7.025265e-03 -3.028492e-02 
 6.790000e+00 -7.356280e-03 -7.622712e-03 -2.749353e-02 
 6.800000e+00 -7.915317e-03 -8.148542e-03 -2.466113e-02 
 6.810000e+00 -8.399535e-03 -8.597055e-03 -2.180068e-02 
 6.820000e+00 -8.803905e-03 -8.963820e-03 -1.892136e-02 
 6.830000e+00 -9.124775e-03 -9.245858e-03 -1.602934e-02 
 6.840000e+00 -9.360006e-03 -9.441751e-03 -1.312867e-02 
 6.850000e+00 -9.509053e-03 -9.551685e-03 -1.022235e-02 
 6.860000e+00 -9.572966e-03 -9.577423e-03 -7.313350e-03 
 6.870000e+00 -9.554319e-03 -9.522203e-03 -4.405564e-03 
 6.880000e+00 -9.457086e-03 -9.390581e-03 -1.504676e-03 
 6.890000e+00 -9.286444e-03 -9.188221e-03  1.381158e-03 
 6.900000e+00 -9.048545e-03 -8.921640e-03  4.240840e-03 
 6.910000e+00 -8.750248e-03 -8.597936e-03  7.060101e-03 
 6.920000e+00 -8.398838e-03 -8.224506e-03  9.821519e-03 
 6.930000e+00 -8.001744e-03 -7.808763e-03  1.250479e-02 
 6.940000e+00 -7.566270e-03 -7.357883e-03  1.508723e-02 
 6.950000e+00 -7.099360e-03 -6.878579e-03  1.754445e-02 
 6.960000e+00 -6.607392e-03 -6.376925e-03  1.985124e-02 
 6.970000e+00 -6.096032e-03 -5.858226e-03  2.198248e-02 
 6.980000e+00 -5.570134e-03 -5.326952e-03  2.391415e-02 
 6.990000e+00 -5.033700e-03 -4.786715e-03  2.562432e-02 
 7.000000e+00 -4.489896e-03 -4.240319e-03  2.709403e-02 
 7.010000e+00 -3.941123e-03 -3.689843e-03  2.830812e-02 
 7.020000e+00 -3.389124e-03 -3.136772e-03  2.925583e-02 
 7.030000e+00 -2.835135e-03 -2.582159e-03  2.993121e-02 
 7.040000e+00 -2.280052e-03 -2.026802e-03  3.033338e-02 
 7.050000e+00 -1.724619e-03 -1.471427e-03  3.046648e-02 
 7.060000e+00 -1.169607e-03 -9.168703e-04  3.033944e-02 
 7.070000e+00 -6.159847e-04 -3.642347e-04  2.996553e-02 
 7.080000e+00 -6.506119e-05  1.849772e-04  2.936178e-02 
 7.090000e+00  4.813975e-04  7.287669e-04  2.854816e-02 
 7.100000e+00  1.021097e-03  1.264587e-03  2.754681e-02 
 7.110000e+00  1.551185e-03  1.789330e-03  2.638109e-02 
 7.120000e+00  2.068265e-03  2.299368e-03  2.507472e-02 
 7.130000e+00  2.568458e-03  2.790627e-03  2.365093e-02 
 7.140000e+00  3.047501e-03  3.258705e-03  2.213171e-02 
 7.150000e+00  3.500878e-03  3.699016e-03  2.053717e-02 
 7.160000e+00  3.923977e-03  4.106955e-03  1.888515e-02 
 7.170000e+00  4.312266e-03  4.478081e-03  1.719086e-02 
 7.180000e+00  4.661471e-03  4.808287e-03  1.546679e-02 
 7.190000e+00  4.967749e-03  5.093976e-03  1.372279e-02 
 7.200000e+00  5.227846e-03  5.332204e-03  1.196631e-02 
 7.210000e+00  5.439232e-03  5.520807e-03  1.020274e-02 
 7.220000e+00  5.600206e-03  5.658484e-03  8.435886e-03 
 7.230000e+00  5.709963e-03  5.744848e-03  6.668550e-03 
 7.240000e+00  5.768619e-03  5.780436e-03  4.903077e-03 
 7.250000e+00  5.777200e-03  5.766675e-03  3.141938e-03 
 7.260000e+00  5.737586e-03  5.705813e-03  1.388266e-03 
 7.270000e+00  5.652429e-03  5.600820e-03 -3.537013e-04 
 7.280000e+00  5.525028e-03  5.455249e-03 -2.078272e-03 
 7.290000e+00  5.359192e-03  5.273098e-03 -3.778082e-03 
 7.300000e+00  5.159083e-03  5.058642e-03 -5.444017e-03 
 7.310000e+00  4.929054e-03  4.816270e-03 -7.065272e-03 
 7.320000e+00  4.673488e-03  4.550338e-03 -8.629555e-03 
 7.330000e+00  4.396651e-03  4.265017e-03 -1.012341e-02 
 7.340000e+00  4.102564e-03  3.964181e-03 -1.153265e-02 
 7.350000e+00  3.794892e-03  3.651310e-03 -1.284284e-02 
 7.360000e+00  3.476874e-03  3.329431e-03 -1.403987e-02 
 7.370000e+00  3.151272e-03  3.001084e-03 -1.511052e-02 
 7.380000e+00  2.820363e-03  2.668326e-03 -1.604297e-02 
 7.390000e+00  2.485956e-03  2.332764e-03 -1.682735e-02 
 7.400000e+00  2.149435e-03  1.995611e-03 -1.745610e-02 
 7.410000e+00  1.811838e-03  1.657767e-03 -1.792432e-02 
 7.420000e+00  1.473935e-03  1.319914e-03 -1.822993e-02 
 7.430000e+00  1.136336e-03  9.826156e-04 -1.837381e-02 
 7.440000e+00  7.995884e-04  6.464233e-04 -1.835967e-02 
 7.450000e+00  4.642825e-04  3.119734e-04 -1.819389e-02 
 7.460000e+00  1.311396e-04 -1.992809e-05 -1.788527e-02 
 7.470000e+00 -1.989099e-04 -3.482374e-04 -1.744460e-02 
 7.480000e+00 -5.246714e-04 -6.716275e-04 -1.688422e-02 
 7.490000e+00 -8.446526e-04 -9.884662e-04 -1.621753e-02 
 7.500000e+00 -1.157056e-03 -1.296820e-03 -1.545845e-02 
 7.510000e+00 -1.459798e-03 -1.594485e-03 -1.462097e-02 
 7.520000e+00 -1.750547e-03 -1.879036e-03 -1.371864e-02 
 7.530000e+00 -2.026793e-03 -2.147900e-03 -1.276417e-02 
 7.540000e+00 -2.285922e-03 -2.398446e-03 -1.176913e-02 
 7.550000e+00 -2.525313e-03 -2.628077e-03 -1.074369e-02 
 7.560000e+00 -2.742435e-03 -2.834335e-03 -9.696503e-03 
 7.570000e+00 -2.934951e-03 -3.014999e-03 -8.634680e-03 
 7.580000e+00 -3.100812e-03 -3.168177e-03 -7.563843e-03 
 7.590000e+00 -3.238343e-03 -3.292387e-03 -6.488296e-03 
 7.600000e+00 -3.346310e-03 -3.386615e-03 -5.411244e-03 
 7.610000e+00 -3.423976e-03 -3.450361e-03 -4.335082e-03 
 7.620000e+00 -3.471131e-03 -3.483655e-03 -3.261710e-03 
 7.630000e+00 -3.488092e-03 -3.487055e-03 -2.192862e-03 
 7.640000e+00 -3.475694e-03 -3.461622e-03 -1.130421e-03 
 7.650000e+00 -3.435248e-03 -3.408869e-03 -7.670801e-05 
 7.660000e+00 -3.368486e-03 -3.330698e-03  9.652880e-04 
 7.670000e+00 -3.277486e-03 -3.229322e-03  1.991735e-03 
 7.680000e+00 -3.164590e-03 -3.107175e-03  2.997866e-03 
 7.690000e+00 -3.032310e-03 -2.966822e-03  3.977957e-03 
 7.700000e+00 -2.883239e-03 -2.810863e-03  4.925398e-03 
 7.710000e+00 -2.719957e-03 -2.641849e-03  5.832829e-03 
 7.720000e+00 -2.544954e-03 -2.462204e-03  6.692343e-03 
 7.730000e+00 -2.360554e-03 -2.274163e-03  7.495753e-03 
 7.740000e+00 -2.168866e-03 -2.079722e-03  8.234879e-03 
 7.750000e+00 -1.971742e-03 -1.880609e-03  8.901872e-03 
 7.760000e+00 -1.770760e-03 -1.678273e-03  9.489527e-03 
 7.770000e+00 -1.567218e-03 -1.473892e-03  9.991584e-03 
 7.780000e+00 -1.362156e-03 -1.268392e-03  1.040299e-02 
 7.790000e+00 -1.156382e-03 -1.062489e-03  1.072012e-02 
 7.800000e+00 -9.505158e-04 -8.567338e-04  1.094093e-02 
 7.810000e+00 -7.450450e-04 -6.515675e-04  1.106502e-02 
 7.820000e+00 -5.403778e-04 -4.473809e-04  1.109370e-02 
 7.830000e+00 -3.369037e-04 -2.445712e-04  1.102987e-02 
 7.840000e+00 -1.350481e-04 -4.359557e-05  1.087794e-02 
 7.850000e+00  6.467847e-05  1.549841e-04  1.064360e-02 
 7.860000e+00  2.616412e-04  3.504675e-04  1.033362e-02 
 7.870000e+00  4.550540e-04  5.419940e-04  9.955577e-03 
 7.880000e+00  6.439656e-04  7.285365e-04  9.517536e-03 
 7.890000e+00  8.272609e-04  9.089083e-04  9.027786e-03 
 7.900000e+00  1.003676e-03  1.081785e-03  8.494542e-03 
 7.910000e+00  1.171825e-03  1.245736e-03  7.925700e-03 
 7.920000e+00  1.330243e-03  1.399274e-03  7.328612e-03 
 7.930000e+00  1.477431e-03  1.540901e-03  6.709920e-03 
 7.940000e+00  1.611911e-03  1.669166e-03  6.075441e-03 
 7.950000e+00  1.732288e-03  1.782724e-03  5.430111e-03 
 7.960000e+00  1.837297e-03  1.880391e-03  4.777989e-03 
 7.970000e+00  1.925863e-03  1.961192e-03  4.122303e-03 
 7.980000e+00  1.997146e-03  2.024401e-03  3.465565e-03 
 7.990000e+00  2.050571e-03  2.069577e-03  2.809700e-03 
 8.000000e+00  2.085860e-03  2.096580e-03  2.156221e-03 
 8.010000e+00  2.103040e-03  2.105576e-03  1.506407e-03 
 8.020000e+00  2.102440e-03  2.097030e-03  8.614883e-04 
 8.030000e+00  2.084681e-03  2.071691e-03  2.228210e-04 
 8.040000e+00  2.050650e-03  2.030552e-03 -4.079619e-04 
 8.050000e+00  2.001459e-03  1.974819e-03 -1.028830e-03 
 8.060000e+00  1.938404e-03  1.905858e-03 -1.637273e-03 
 8.070000e+00  1.862917e-03  1.825145e-03 -2.230263e-03 
 8.080000e+00  1.776508e-03  1.734211e-03 -2.804261e-03 
 8.090000e+00  1.680716e-03  1.634594e-03 -3.355270e-03 
 8.100000e+00  1.577058e-03  1.527785e-03 -3.878926e-03 
 8.110000e+00  1.466984e-03  1.415193e-03 -4.370630e-03 
 8.120000e+00  1.351839e-03  1.298107e-03 -4.825698e-03 
 8.130000e+00  1.232836e-03  1.177671e-03 -5.239538e-03 
 8.140000e+00  1.111035e-03  1.054875e-03 -5.607830e-03 
 8.150000e+00  9.873402e-04  9.305485e-04 -5.926700e-03 
 8.160000e+00  8.624958e-04  8.053684e-04 -6.192886e-03 
 8.170000e+00  7.371020e-04  6.798735e-04 -6.403877e-03 
 8.180000e+00  6.116336e-04  5.544890e-04 -6.558023e-03 
 8.190000e+00  4.864665e-04  4.295541e-04 -6.654609e-03 
 8.200000e+00  3.619078e-04  3.053546e-04 -6.693887e-03 
 8.210000e+00  2.382293e-04  1.821554e-04 -6.677066e-03 
 8.220000e+00  1.156992e-04  6.023277e-05 -6.606265e-03 
 8.230000e+00 -5.387264e-06 -6.009779e-05 -6.484427e-03 
 8.240000e+00 -1.246819e-04 -1.784577e-04 -6.315199e-03 
 8.250000e+00 -2.417640e-04 -2.943887e-04 -6.102789e-03 
 8.260000e+00 -3.561275e-04 -4.073437e-04 -5.851809e-03 
 8.270000e+00 -4.671763e-04 -5.166859e-04 -5.567104e-03 
 8.280000e+00 -5.742274e-04 -6.216956e-04 -5.253587e-03 
 8.290000e+00 -6.765228e-04 -7.215852e-04 -4.916081e-03 
 8.300000e+00 -7.732473e-04 -8.155203e-04 -4.559180e-03 
 8.310000e+00 -8.635529e-04 -9.026465e-04 -4.187134e-03 
 8.320000e+00 -9.465883e-04 -9.821199e-04 -3.803760e-03 
 8.330000e+00 -1.021530e-03 -1.053139e-03 -3.412389e-03 
 8.340000e+00 -1.087614e-03 -1.114977e-03 -3.015845e-03 
 8.350000e+00 -1.144168e-03 -1.167011e-03 -2.616452e-03 
 8.360000e+00 -1.190640e-03 -1.208753e-03 -2.216078e-03 
 8.370000e+00 -1.226621e-03 -1.239864e-03 -1.816198e-03 
 8.380000e+00 -1.251863e-03 -1.260174e-03 -1.417980e-03 
 8.390000e+00 -1.266293e-03 -1.269690e-03 -1.022381e-03 
 8.400000e+00 -1.270013e-03 -1.268594e-03 -6.302511e-04 
 8.410000e+00 -1.263299e-03 -1.257240e-03 -2.424394e-04 
 8.420000e+00 -1.246589e-03 -1.236134e-03  1.401162e-04 
 8.430000e+00 -1.220466e-03 -1.205920e-03  5.163066e-04 
 8.440000e+00 -1.185639e-03 -1.167355e-03  8.847911e-04 
 8.450000e+00 -1.142909e-03 -1.121274e-03  1.243960e-03 
 8.460000e+00 -1.093145e-03 -1.068570e-03  1.591922e-03 
 8.470000e+00 -1.037253e-03 -1.010153e-03  1.926516e-03 
 8.480000e+00 -9.761440e-04 -9.469317e-04  2.245353e-03 
 8.490000e+00 -9.107078e-04 -8.797768e-04  2.545871e-03 
 8.500000e+00 -8.417884e-04 -8.095054e-04  2.825418e-03 
 8.510000e+00 -7.701640e-04 -7.368611e-04  3.081342e-03 
 8.520000e+00 -6.965326e-04 -6.625021e-04  3.311089e-03 
 8.530000e+00 -6.215033e-04 -5.869958e-04  3.512310e-03 
 8.540000e+00 -5.455937e-04 -5.108186e-04  3.682955e-03 
 8.550000e+00 -4.692329e-04 -4.343613e-04  3.821361e-03 
 8.560000e+00 -3.927698e-04 -3.579393e-04  3.926327e-03 
 8.570000e+00 -3.164851e-04 -2.818071e-04  3.997169e-03 
 8.580000e+00 -2.406077e-04 -2.061747e-04  4.033749e-03 
 8.590000e+00 -1.653318e-04 -1.312263e-04  4.036491e-03 
 8.600000e+00 -9.083587e-05 -5.713846e-05  4.006361e-03 
 8.610000e+00 -1.730058e-05  1.590217e-05  3.944834e-03 
 8.620000e+00  5.507508e-05  8.768396e-05  3.853837e-03 
 8.630000e+00  1.260602e-04  1.579583e-04  3.735676e-03 
 8.640000e+00  1.953823e-04  2.264314e-04  3.592947e-03 
 8.650000e+00  2.627213e-04  2.927612e-04  3.428447e-03 
 8.660000e+00  3.277091e-04  3.565581e-04  3.245073e-03 
 8.670000e+00  3.899324e-04  4.173905e-04  3.045731e-03 
 8.680000e+00  4.489412e-04  4.747947e-04  2.833247e-03 
 8.690000e+00  5.042604e-04  5.282881e-04  2.610293e-03 
 8.700000e+00  5.554043e-04  5.773852e-04  2.379324e-03 
 8.710000e+00  6.018936e-04  6.216151e-04  2.142537e-03 
 8.720000e+00  6.432740e-04  6.605400e-04  1.901842e-03 
 8.730000e+00  6.791337e-04  6.937731e-04  1.658857e-03 
 8.740000e+00  7.091211e-04  7.209945e-04  1.414922e-03 
 8.750000e+00  7.329597e-04  7.419662e-04  1.171121e-03 
 8.760000e+00  7.504605e-04  7.565419e-04  9.283285e-04 
 8.770000e+00  7.615310e-04  7.646746e-04  6.872547e-04 
 8.780000e+00  7.661796e-04  7.664197e-04  4.485064e-04 
 8.790000e+00  7.645167e-04  7.619329e-04  2.126433e-04 
 8.800000e+00  7.567505e-04  7.514654e-04 -1.976472e-05 
 8.810000e+00  7.431799e-04  7.353544e-04 -2.480868e-04 
 8.820000e+00  7.241834e-04  7.140106e-04 -4.715896e-04 
 8.830000e+00  7.002048e-04  6.879030e-04 -6.894076e-04 
 8.840000e+00  6.717374e-04  6.575425e-04 -9.005265e-04 
 8.850000e+00  6.393069e-04  6.234644e-04 -1.103781e-03 
 8.860000e+00  6.034538e-04  5.862110e-04 -1.297869e-03 
 8.870000e+00  5.647168e-04  5.463153e-04 -1.481375e-03 
 8.880000e+00  5.236173e-04  5.042866e-04 -1.652811e-03 
 8.890000e+00  4.806460e-04  4.605987e-04 -1.810662e-03 
 8.900000e+00  4.362532e-04  4.156808e-04 -1.953439e-03 
 8.910000e+00  3.908409e-04  3.699115e-04 -2.079742e-03 
 8.920000e+00  3.447594e-04  3.236171e-04 -2.188308e-03 
 8.930000e+00  2.983065e-04  2.770720e-04 -2.278074e-03 
 8.940000e+00  2.517302e-04  2.305029e-04 -2.348216e-03 
 8.950000e+00  2.052343e-04  1.840957e-04 -2.398193e-03 
 8.960000e+00  1.589860e-04  1.380033e-04 -2.427768e-03 
 8.970000e+00  1.131250e-04  9.235610e-05 -2.437028e-03 
 8.980000e+00  6.777399e-05  4.727204e-05 -2.426377e-03 
 8.990000e+00  2.304905e-05  2.867103e-06 -2.396529e-03 
 9.000000e+00 -2.093065e-05 -4.073539e-05 -2.348480e-03 
 9.010000e+00 -6.403408e-05 -8.339676e-05 -2.283470e-03 
 9.020000e+00 -1.061114e-04 -1.249570e-04 -2.202944e-03 
 9.030000e+00 -1.469892e-04 -1.652312e-04 -2.108492e-03 
 9.040000e+00 -1.864684e-04 -2.040082e-04 -2.001803e-03 
 9.050000e+00 -2.243243e-04 -2.410525e-04 -1.884605e-03 
 9.060000e+00 -2.603098e-04 -2.761082e-04 -1.758613e-03 
 9.070000e+00 -2.941604e-04 -3.089047e-04 -1.625480e-03 
 9.080000e+00 -3.256018e-04 -3.391659e-04 -1.486759e-03 
 9.090000e+00 -3.543585e-04 -3.666183e-04 -1.343869e-03 
 9.100000e+00 -3.801635e-04 -3.910023e-04 -1.198075e-03 
 9.110000e+00 -4.027692e-04 -4.120820e-04 -1.050474e-03 
 9.120000e+00 -4.219572e-04 -4.296548e-04 -9.019970e-04 
 9.130000e+00 -4.375474e-04 -4.435611e-04 -7.534177e-04 
 9.140000e+00 -4.494064e-04 -4.536905e-04 -6.053705e-04 
 9.150000e+00 -4.574537e-04 -4.599882e-04 -4.583748e-04 
 9.160000e+00 -4.616657e-04 -4.624572e-04 -3.128660e-04 
 9.170000e+00 -4.620777e-04 -4.611595e-04 -1.692270e-04 
 9.180000e+00 -4.587830e-04 -4.562145e-04 -2.782183e-05 
 9.190000e+00 -4.519303e-04 -4.477945e-04  1.109740e-04 
 9.200000e+00 -4.417183e-04 -4.361192e-04  2.467459e-04 
 9.210000e+00 -4.283889e-04 -4.214477e-04  3.790196e-04 
 9.220000e+00 -4.122183e-04 -4.040693e-04  5.072461e-04 
 9.230000e+00 -3.935081e-04 -3.842940e-04  6.307959e-04 
 9.240000e+00 -3.725750e-04 -3.624426e-04  7.489608e-04 
 9.250000e+00 -3.497409e-04 -3.388363e-04  8.609635e-04 
 9.260000e+00 -3.253233e-04 -3.137884e-04  9.659751e-04 
 9.270000e+00 -2.996275e-04 -2.875959e-04  1.063139e-03 
 9.280000e+00 -2.729387e-04 -2.605337e-04  1.151598e-03 
 9.290000e+00 -2.455175e-04 -2.328495e-04  1.230527e-03 
 9.300000e+00 -2.175957e-04 -2.047616e-04  1.299165e-03 
 9.310000e+00 -1.893751e-04 -1.764578e-04  1.356848e-03 
 9.320000e+00 -1.610274e-04 -1.480968e-04  1.403035e-03 
 9.330000e+00 -1.326966e-04 -1.198109e-04  1.437336e-03 
 9.340000e+00 -1.045023e-04 -9.170979e-05  1.459530e-03 
 9.350000e+00 -7.654450e-05 -6.388597e-05  1.469576e-03 
 9.360000e+00 -4.890873e-05 -3.642028e-05  1.467619e-03 
 9.370000e+00 -2.167224e-05 -9.387850e-06  1.453987e-03 
 9.380000e+00  5.090378e-06  1.713629e-05  1.429183e-03 
 9.390000e+00  3.130177e-05  4.307209e-05  1.393861e-03 
 9.400000e+00  5.687725e-05  6.833040e-05  1.348813e-03 
 9.410000e+00  8.172131e-05  9.281000e-05  1.294934e-03 
 9.420000e+00  1.057254e-04  1.163961e-04  1.233195e-03 
 9.430000e+00  1.287673e-04  1.389602e-04  1.164611e-03 
 9.440000e+00  1.507115e-04  1.603614e-04  1.090209e-03 
 9.450000e+00  1.714118e-04  1.804495e-04  1.010999e-03 
 9.460000e+00  1.907143e-04  1.990683e-04  9.279488e-04 
 9.470000e+00  2.084621e-04  2.160611e-04  8.419592e-04 
 9.480000e+00  2.245005e-04  2.312758e-04  7.538509e-04 
 9.490000e+00  2.386827e-04  2.445709e-04  6.643523e-04 
 9.500000e+00  2.508755e-04  2.558212e-04  5.740953e-04 
 9.510000e+00  2.609652e-04  2.649234e-04  4.836169e-04 
 9.520000e+00  2.688623e-04  2.718003e-04  3.933658e-04 
 9.530000e+00  2.745058e-04  2.764050e-04  3.037144e-04 
 9.540000e+00  2.778666e-04  2.787233e-04  2.149734e-04 
 9.550000e+00  2.789486e-04  2.787750e-04  1.274094e-04 
 9.560000e+00  2.777902e-04  2.766134e-04  4.126355e-05 
 9.570000e+00  2.744624e-04  2.723243e-04 -4.323016e-05 
 9.580000e+00  2.690674e-04  2.660231e-04 -1.258283e-04 
 9.590000e+00  2.617349e-04  2.578507e-04 -2.062638e-04 
 9.600000e+00  2.526176e-04  2.479689e-04 -2.842349e-04 
 9.610000e+00  2.418864e-04  2.365553e-04 -3.593991e-04 
 9.620000e+00  2.297246e-04  2.237972e-04 -4.313709e-04 
 9.630000e+00  2.163224e-04  2.098860e-04 -4.997247e-04 
 9.640000e+00  2.018708e-04  1.950119e-04 -5.640017e-04 
 9.650000e+00  1.865570e-04  1.793585e-04 -6.237211e-04 
 9.660000e+00  1.705592e-04  1.630991e-04 -6.783945e-04 
 9.670000e+00  1.540434e-04  1.463930e-04 -7.275427e-04 
 9.680000e+00  1.371603e-04  1.293834e-04 -7.707136e-04 
 9.690000e+00  1.200437e-04  1.121962e-04 -8.075005e-04 
 9.700000e+00  1.028101e-04  9.493992e-05 -8.375599e-04 
 9.710000e+00  8.555878e-05  7.770653e-05 -8.606266e-04 
 9.720000e+00  6.837368e-05  6.057341e-05 -8.765270e-04 
 9.730000e+00  5.132524e-05  4.360571e-05 -8.851882e-04 
 9.740000e+00  3.447338e-05  2.685945e-05 -8.866435e-04 
 9.750000e+00  1.787058e-05  1.038469e-05 -8.810331e-04 
 9.760000e+00  1.565216e-06 -5.771089e-06 -8.686012e-04 
 9.770000e+00 -1.439523e-05 -2.155993e-05 -8.496884e-04 
 9.780000e+00 -2.996129e-05 -3.693070e-05 -8.247207e-04 
 9.790000e+00 -4.507912e-05 -5.182699e-05 -7.941953e-04 
 9.800000e+00 -5.968878e-05 -6.618573e-05 -7.586643e-04 
 9.810000e+00 -7.372326e-05 -7.993659e-05 -7.187170e-04 
 9.820000e+00 -8.710837e-05 -9.300224e-05 -6.749614e-04 
 9.830000e+00 -9.976341e-05 -1.052994e-04 -6.280069e-04 
 9.840000e+00 -1.116026e-04 -1.167406e-04 -5.784475e-04 
 9.850000e+00 -1.225375e-04 -1.272367e-04 -5.268480e-04 
 9.860000e+00 -1.324791e-04 -1.366997e-04 -4.737319e-04 
 9.870000e+00 -1.413416e-04 -1.450460e-04 -4.195737e-04 
 9.880000e+00 -1.490453e-04 -1.521996e-04 -3.647935e-04 
 9.890000e+00 -1.555199e-04 -1.580955e-04 -3.097557e-04 
 9.900000e+00 -1.607074e-04 -1.626823e-04 -2.547707e-04 
 9.910000e+00 -1.645653e-04 -1.659249e-04 -2.000999e-04 
 9.920000e+00 -1.670681e-04 -1.678063e-04 -1.459627e-04 
 9.930000e+00 -1.682091e-04 -1.683287e-04 -9.254531e-05 
 9.940000e+00 -1.680015e-04 -1.675141e-04 -4.001131e-05 
 9.950000e+00 -1.664775e-04 -1.654036e-04  1.148824e-05 
 9.960000e+00 -1.636883e-04 -1.620565e-04  6.180461e-05 
 9.970000e+00 -1.597023e-04 -1.575483e-04  1.107824e-04 
 9.980000e+00 -1.546027e-04 -1.519684e-04  1.582520e-04 
 9.990000e+00 -1.484853e-04 -1.454173e-04  2.040246e-04 
 1.000000e+01 -1.414549e-04 -1.380032e-04  2.478895e-04 
 1.001000e+01 -1.336227e-04 -1.298388e-04  2.896133e-04 
 1.002000e+01 -1.251022e-04 -1.210382e-04  3.289431e-04 
 1.003000e+01 -1.160068e-04 -1.117136e-04  3.656110e-04 
 1.004000e+01 -1.064465e-04 -1.019727e-04  3.993408e-04 
 1.005000e+01 -9.652537e-05 -9.191631e-05  4.298573e-04 
 1.006000e+01 -8.633992e-05 -8.163691e-05  4.568953e-04 
 1.007000e+01 -7.597736e-05 -7.121728e-05  4.802107e-04 
 1.008000e+01 -6.551504e-05 -6.073017e-05  4.995900e-04 
 1.009000e+01 -5.502025e-05 -5.023836e-05  5.148604e-04 
 1.010000e+01 -4.455064e-05 -3.979537e-05  5.258978e-04 
 1.011000e+01 -3.415520e-05 -2.944658e-05  5.326332e-04 
 1.012000e+01 -2.387558e-05 -1.923080e-05  5.350576e-04 
 1.013000e+01 -1.374780e-05 -9.181964e-06  5.332236e-04 
 1.014000e+01 -3.803972e-06  6.689890e-07  5.272450e-04 
 1.015000e+01  5.925735e-06  1.029228e-05  5.172946e-04 
 1.016000e+01  1.541141e-05  1.965762e-05  5.035983e-04 
 1.017000e+01  2.462182e-05  2.873280e-05  4.864287e-04 
 1.018000e+01  3.352321e-05  3.748263e-05  4.660961e-04 
 1.019000e+01  4.207848e-05  4.586831e-05  4.429388e-04 
 1.020000e+01  5.024678e-05  5.384729e-05  4.173128e-04 
 1.021000e+01  5.798360e-05  6.137352e-05  3.895813e-04 
 1.022000e+01  6.524135e-05  6.839827e-05  3.601051e-04 
 1.023000e+01  7.197032e-05  7.487121e-05  3.292330e-04 
 1.024000e+01  7.812000e-05  8.074192e-05  2.972945e-04 
 1.025000e+01  8.364069e-05  8.596161e-05  2.645936e-04 
 1.026000e+01  8.848531e-05  9.048493e-05  2.314047e-04 
 1.027000e+01  9.261122e-05  9.427181e-05  1.979704e-04 
 1.028000e+01  9.598205e-05  9.728923e-05  1.645012e-04 
 1.029000e+01  9.856934e-05  9.951280e-05  1.311771e-04 
 1.030000e+01  1.003540e-04  1.009280e-04  9.815073e-05 
 1.031000e+01  1.013272e-04  1.015310e-04  6.555168e-05 
 1.032000e+01  1.014913e-04  1.013294e-04  3.349192e-05 
 1.033000e+01  1.008601e-04  1.003419e-04  2.071560e-06 
 1.034000e+01  9.945822e-05  9.859836e-05 -2.861528e-05 
 1.035000e+01  9.732110e-05  9.613853e-05 -5.847496e-05 
 1.036000e+01  9.449352e-05  9.301119e-05 -8.740955e-05 
 1.037000e+01  9.102840e-05  8.927251e-05 -1.153130e-04 
 1.038000e+01  8.698516e-05  8.498435e-05 -1.420688e-04 
 1.039000e+01  8.242794e-05  8.021242e-05 -1.675486e-04 
 1.040000e+01  7.742365e-05  7.502436e-05 -1.916131e-04 
 1.041000e+01  7.204016e-05  6.948792e-05 -2.141135e-04 
 1.042000e+01  6.634446e-05  6.366923e-05 -2.348948e-04 
 1.043000e+01  6.040113e-05  5.763132e-05 -2.538003e-04 
 1.044000e+01  5.427097e-05  5.143296e-05 -2.706764e-04 
 1.045000e+01  4.800998e-05  4.512774e-05 -2.853787e-04 
 1.046000e+01  4.166872e-05  3.876357e-05 -2.977771e-04 
 1.047000e+01  3.529192e-05  3.238254e-05 -3.077625e-04 
 1.048000e+01  2.891854e-05  2.602105e-05 -3.152509e-04 
 1.049000e+01  2.258210e-05  1.971029e-05 -3.201884e-04 
 1.050000e+01  1.631128e-05  1.347698e-05 -3.225543e-04 
 1.051000e+01  1.013079e-05  7.344258e-06 -3.223627e-04 
 1.052000e+01  4.062242e-06  1.332683e-06 -3.196639e-04 
 1.053000e+01 -1.874699e-06 -4.538699e-06 -3.145427e-04 
 1.054000e+01 -7.661356e-06 -1.025135e-05 -3.071172e-04 
 1.055000e+01 -1.327906e-05 -1.578636e-05 -2.975347e-04 
 1.056000e+01 -1.870833e-05 -2.112368e-05 -2.859674e-04 
 1.057000e+01 -2.392827e-05 -2.624163e-05 -2.726078e-04 
 1.058000e+01 -2.891620e-05 -3.111664e-05 -2.576619e-04 
 1.059000e+01 -3.364750e-05 -3.572326e-05 -2.413442e-04 
 1.060000e+01 -3.809576e-05 -4.003435e-05 -2.238710e-04 
 1.061000e+01 -4.223323e-05 -4.402170e-05 -2.054553e-04 
 1.062000e+01 -4.603136e-05 -4.765666e-05 -1.863019e-04 
 1.063000e+01 -4.946169e-05 -5.091103e-05 -1.666027e-04 
 1.064000e+01 -5.249674e-05 -5.375812e-05 -1.465343e-04 
 1.065000e+01 -5.511106e-05 -5.617371e-05 -1.262555e-04 
 1.066000e+01 -5.728230e-05 -5.813714e-05 -1.059065e-04 
 1.067000e+01 -5.899215e-05 -5.963223e-05 -8.560905e-05 
 1.068000e+01 -6.022725e-05 -6.064812e-05 -6.546781e-05 
 1.069000e+01 -6.097994e-05 -6.117989e-05 -4.557209e-05 
 1.070000e+01 -6.124872e-05 -6.122898e-05 -2.599864e-05 
 1.071000e+01 -6.103861e-05 -6.080341e-05 -6.814797e-06 
 1.072000e+01 -6.036115e-05 -5.991765e-05  1.191829e-05 
 1.073000e+01 -5.923420e-05 -5.859232e-05  3.014235e-05 
 1.074000e+01 -5.768149e-05 -5.685366e-05  4.779902e-05 
 1.075000e+01 -5.573195e-05 -5.473271e-05  6.482732e-05 
 1.076000e+01 -5.341887e-05 -5.226450e-05  8.116178e-05 
 1.077000e+01 -5.077892e-05 -4.948690e-05  9.673129e-05 
 1.078000e+01 -4.785110e-05 -4.643966e-05  1.114588e-04 
 1.079000e+01 -4.467561e-05 -4.316323e-05  1.252619e-04 
 1.080000e+01 -4.129285e-05 -3.969775e-05  1.380540e-04 
 1.081000e+01 -3.774236e-05 -3.608216e-05  1.497464e-04 
 1.082000e+01 -3.406202e-05 -3.235332e-05  1.602513e-04 
 1.083000e+01 -3.028729e-05 -2.854543e-05  1.694840e-04 
 1.084000e+01 -2.645071e-05 -2.468959e-05  1.773669e-04 
 1.085000e+01 -2.258157e-05 -2.081353e-05  1.838325e-04 
 1.086000e+01 -1.870577e-05 -1.694164e-05  1.888263e-04 
 1.087000e+01 -1.484591e-05 -1.309505e-05  1.923099e-04 
 1.088000e+01 -1.102152e-05 -9.291999e-06  1.942629e-04 
 1.089000e+01 -7.249415e-06 -5.548224e-06  1.946847e-04 
 1.090000e+01 -3.544253e-06 -1.877535e-06  1.935951e-04 
 1.091000e+01  8.095659e-08  1.707623e-06  1.910348e-04 
 1.092000e+01  3.614241e-06  5.195581e-06  1.870639e-04 
 1.093000e+01  7.044098e-06  8.574892e-06  1.817610e-04 
 1.094000e+01  1.035898e-05  1.183386e-05  1.752208e-04 
 1.095000e+01  1.354688e-05  1.496015e-05  1.675512e-04 
 1.096000e+01  1.659501e-05  1.794058e-05  1.588708e-04 
 1.097000e+01  1.948966e-05  2.076098e-05  1.493045e-04 
 1.098000e+01  2.221616e-05  2.340629e-05  1.389809e-04 
 1.099000e+01  2.475901e-05  2.586070e-05  1.280288e-04 
 1.100000e+01  2.710219e-05  2.810804e-05  1.165737e-04 
 1.101000e+01  2.922950e-05  3.013218e-05  1.047354e-04 
 1.102000e+01  3.112507e-05  3.191758e-05  9.262590e-05 
 1.103000e+01  3.277394e-05  3.344982e-05  8.034766e-05 
 1.104000e+01  3.416260e-05  3.471626e-05  6.799261e-05 
 1.105000e+01  3.527958e-05  3.570652e-05  5.564188e-05 
 1.106000e+01  3.611603e-05  3.641307e-05  4.336605e-05 
 1.107000e+01  3.666613e-05  3.683162e-05  3.122598e-05 
 1.108000e+01  3.692750e-05  3.696141e-05  1.927406e-05 
 1.109000e+01  3.690141e-05  3.680545e-05  7.555834e-06 
 1.110000e+01  3.659293e-05  3.637052e-05 -3.888260e-06 
 1.111000e+01  3.601086e-05  3.566707e-05 -1.502097e-05 
 1.112000e+01  3.516755e-05  3.470903e-05 -2.580645e-05 
 1.113000e+01  3.407863e-05  3.351338e-05 -3.620868e-05 
 1.114000e+01  3.276256e-05  3.209971e-05 -4.619012e-05 
 1.115000e+01  3.124010e-05  3.048968e-05 -5.571080e-05 
 1.116000e+01  2.953374e-05  2.870640e-05 -6.472786e-05 
 1.117000e+01  2.766710e-05  2.677378e-05 -7.319553e-05 
 1.118000e+01  2.566426e-05  2.471597e-05 -8.106557e-05 
 1.119000e+01  2.354920e-05  2.255672e-05 -8.828819e-05 
 1.120000e+01  2.134524e-05  2.031890e-05 -9.481328e-05 
 1.121000e+01  1.907457e-05  1.802405e-05 -1.005920e-04 
 1.122000e+01  1.675785e-05  1.569208e-05 -1.055786e-04 
 1.123000e+01  1.441399e-05  1.334102e-05 -1.097321e-04 
 1.124000e+01  1.205997e-05  1.098697e-05 -1.130182e-04 
 1.125000e+01  9.710799e-06  8.644033e-06 -1.154110e-04 
 1.126000e+01  7.379599e-06  6.324524e-06 -1.168945e-04 
 1.127000e+01  5.077756e-06  4.039100e-06 -1.174634e-04 
 1.128000e+01  2.815164e-06  1.797057e-06 -1.171242e-04 
 1.129000e+01  6.005149e-07 -3.933669e-07 -1.158952e-04 
 1.130000e+01 -1.558377e-06 -2.524657e-06 -1.138067e-04 
 1.131000e+01 -3.654242e-06 -4.589701e-06 -1.108997e-04 
 1.132000e+01 -5.680046e-06 -6.581484e-06 -1.072258e-04 
 1.133000e+01 -7.628715e-06 -8.492843e-06 -1.028450e-04 
 1.134000e+01 -9.492915e-06 -1.031628e-05 -9.782466e-05 
 1.135000e+01 -1.126491e-05 -1.204386e-05 -9.223705e-05 
 1.136000e+01 -1.293651e-05 -1.366715e-05 -8.615787e-05 
 1.137000e+01 -1.449906e-05 -1.517735e-05 -7.966401e-05 
 1.138000e+01 -1.594358e-05 -1.656534e-05 -7.283176e-05 
 1.139000e+01 -1.726090e-05 -1.782196e-05 -6.573505e-05 
 1.140000e+01 -1.844194e-05 -1.893825e-05 -5.844402e-05 
 1.141000e+01 -1.947800e-05 -1.990575e-05 -5.102389e-05 
 1.142000e+01 -2.036103e-05 -2.071684e-05 -4.353408e-05 
 1.143000e+01 -2.108402e-05 -2.136506e-05 -3.602786e-05 
 1.144000e+01 -2.164129e-05 -2.184543e-05 -2.855221e-05 
 1.145000e+01 -2.202877e-05 -2.215469e-05 -2.114808e-05 
 1.146000e+01 -2.224429e-05 -2.229159e-05 -1.385094e-05 
 1.147000e+01 -2.228770e-05 -2.225694e-05 -6.691561e-06 
 1.148000e+01 -2.216100e-05 -2.205375e-05  3.030492e-07 
 1.149000e+01 -2.186841e-05 -2.168721e-05  7.108614e-06 
 1.150000e+01 -2.141624e-05 -2.116460e-05  1.370254e-05 
 1.151000e+01 -2.081282e-05 -2.049508e-05  2.006294e-05 
 1.152000e+01 -2.006828e-05 -1.968953e-05  2.616776e-05 
 1.153000e+01 -1.919426e-05 -1.876019e-05  3.199414e-05 
 1.154000e+01 -1.820363e-05 -1.772040e-05  3.751798e-05 
 1.155000e+01 -1.711012e-05 -1.658416e-05  4.271372e-05 
 1.156000e+01 -1.592797e-05 -1.536585e-05  4.755445e-05 
 1.157000e+01 -1.467156e-05 -1.407982e-05  5.201228e-05 
 1.158000e+01 -1.335512e-05 -1.274011e-05  5.605887e-05 
 1.159000e+01 -1.199235e-05 -1.136013e-05  5.966626e-05 
 1.160000e+01 -1.059624e-05 -9.952461e-06  6.280775e-05 
 1.161000e+01 -9.178837e-06 -8.528689e-06  6.545893e-05 
 1.162000e+01 -7.751123e-06 -7.099277e-06  6.759871e-05 
 1.163000e+01 -6.322942e-06 -5.673547e-06  6.921035e-05 
 1.164000e+01 -4.903000e-06 -4.259701e-06  7.028232e-05 
 1.165000e+01 -3.498924e-06 -2.864897e-06  7.080906e-05 
 1.166000e+01 -2.117361e-06 -1.495380e-06  7.079151e-05 
 1.167000e+01 -7.641307e-07 -1.566367e-07  7.023746e-05 
 1.168000e+01  5.556102e-07  1.146420e-06  6.916154e-05 
 1.169000e+01  1.837178e-06  2.409268e-06  6.758511e-05 
 1.170000e+01  3.076178e-06  3.627595e-06  6.553572e-05 
 1.171000e+01  4.268340e-06  4.797137e-06  6.304651e-05 
 1.172000e+01  5.409365e-06  5.913552e-06  6.015530e-05 
 1.173000e+01  6.494823e-06  6.972325e-06  5.690361e-05 
 1.174000e+01  7.520087e-06  7.968726e-06  5.333555e-05 
 1.175000e+01  8.480306e-06  8.897812e-06  4.949666e-05 
 1.176000e+01  9.370441e-06  9.754471e-06  4.543282e-05 
 1.177000e+01  1.018533e-05  1.053352e-05  4.118917e-05 
 1.178000e+01  1.091981e-05  1.122983e-05  3.680917e-05 
 1.179000e+01  1.156885e-05  1.183849e-05  3.233383e-05 
 1.180000e+01  1.212773e-05  1.235497e-05  2.780109e-05 
 1.181000e+01  1.259225e-05  1.277534e-05  2.324547e-05 
 1.182000e+01  1.295884e-05  1.309642e-05  1.869780e-05 
 1.183000e+01  1.322482e-05  1.331594e-05  1.418532e-05 
 1.184000e+01  1.338851e-05  1.343273e-05  9.731797e-06 
 1.185000e+01  1.344934e-05  1.344676e-05  5.357937e-06 
 1.186000e+01  1.340799e-05  1.335927e-05  1.081818e-06 
 1.187000e+01  1.326636e-05  1.317276e-05 -3.080548e-06 
 1.188000e+01  1.302763e-05  1.289097e-05 -7.114624e-06 
 1.189000e+01  1.269619e-05  1.251879e-05 -1.100677e-05 
 1.190000e+01  1.227752e-05  1.206219e-05 -1.474371e-05 
 1.191000e+01  1.177810e-05  1.152805e-05 -1.831208e-05 
 1.192000e+01  1.120523e-05  1.092398e-05 -2.169810e-05 
 1.193000e+01  1.056681e-05  1.025813e-05 -2.488737e-05 
 1.194000e+01  9.871202e-06  9.538964e-06 -2.786483e-05 
 1.195000e+01  9.126957e-06  8.775087e-06 -3.061485e-05 
 1.196000e+01  8.342651e-06  7.975021e-06 -3.312148e-05 
 1.197000e+01  7.526687e-06  7.147041e-06 -3.536879e-05 
 1.198000e+01  6.687128e-06  6.299011e-06 -3.734138e-05 
 1.199000e+01  5.831565e-06  5.438276e-06 -3.902490e-05 
 1.200000e+01  4.967013e-06  4.571565e-06 -4.040662e-05 
 1.201000e+01  4.099850e-06  3.704953e-06 -4.147603e-05 
 1.202000e+01  3.235786e-06  2.843847e-06 -4.222536e-05 
 1.203000e+01  2.379873e-06  1.993009e-06 -4.265007e-05 
 1.204000e+01  1.536546e-06  1.156611e-06 -4.274922e-05 
 1.205000e+01  7.096896e-07  3.383088e-07 -4.252573e-05 
 1.206000e+01 -9.727468e-08 -4.586572e-07 -4.198648e-05 
 1.207000e+01 -8.812893e-07 -1.231364e-06 -4.114231e-05 
 1.208000e+01 -1.639555e-06 -1.977101e-06 -4.000784e-05 
 1.209000e+01 -2.369430e-06 -2.693268e-06 -3.860113e-05 
 1.210000e+01 -3.068338e-06 -3.377295e-06 -3.694330e-05 
 1.211000e+01 -3.733691e-06 -4.026573e-06 -3.505794e-05 
 1.212000e+01 -4.362841e-06 -4.638413e-06 -3.297056e-05 
 1.213000e+01 -4.953045e-06 -5.210028e-06 -3.070790e-05 
 1.214000e+01 -5.501467e-06 -5.738545e-06 -2.829730e-05 
 1.215000e+01 -6.005202e-06 -6.221038e-06 -2.576606e-05 
 1.216000e+01 -6.461321e-06 -6.654589e-06 -2.314084e-05 
 1.217000e+01 -6.866949e-06 -7.036370e-06 -2.044715e-05 
 1.218000e+01 -7.219345e-06 -7.363731e-06 -1.770894e-05 
 1.219000e+01 -7.516007e-06 -7.634309e-06 -1.494829e-05 
 1.220000e+01 -7.754771e-06 -7.846125e-06 -1.218522e-05 
 1.221000e+01 -7.933915e-06 -7.997688e-06 -9.437601e-06 
 1.222000e+01 -8.052254e-06 -8.088081e-06 -6.721220e-06 
 1.223000e+01 -8.109218e-06 -8.117037e-06 -4.049896e-06 
 1.224000e+01 -8.104917e-06 -8.084987e-06 -1.435707e-06 
 1.225000e+01 -8.040176e-06 -7.993089e-06  1.110725e-06 
 1.226000e+01 -7.916549e-06 -7.843229e-06  3.579914e-06 
 1.227000e+01 -7.736311e-06 -7.637999e-06  5.963185e-06 
 1.228000e+01 -7.502411e-06 -7.380641e-06  8.252344e-06 
 1.229000e+01 -7.218418e-06 -7.074980e-06  1.043940e-05 
 1.230000e+01 -6.888430e-06 -6.725330e-06  1.251633e-05 
 1.231000e+01 -6.516977e-06 -6.336384e-06  1.447490e-05 
 1.232000e+01 -6.108908e-06 -5.913102e-06  1.630662e-05 
 1.233000e+01 -5.669272e-06 -5.460589e-06  1.800270e-05 
 1.234000e+01 -5.203200e-06 -4.983978e-06  1.955417e-05 
 1.235000e+01 -4.715789e-06 -4.488319e-06  2.095201e-05 
 1.236000e+01 -4.211998e-06 -3.978481e-06  2.218741e-05 
 1.237000e+01 -3.696560e-06 -3.459071e-06  2.325201e-05 
 1.238000e+01 -3.173909e-06 -2.934368e-06  2.413825e-05 
 1.239000e+01 -2.648129e-06 -2.408288e-06  2.483969e-05 
 1.240000e+01 -2.122922e-06 -1.884353e-06  2.535131e-05 
 1.241000e+01 -1.601601e-06 -1.365701e-06  2.566981e-05 
 1.242000e+01 -1.087098e-06 -8.550964e-07  2.579386e-05 
 1.243000e+01 -5.819938e-07 -3.549713e-07  2.572430e-05 
 1.244000e+01 -8.855756e-08  1.325321e-07  2.546422e-05 
 1.245000e+01  3.912000e-07  6.055044e-07  2.501903e-05 
 1.246000e+01  8.554695e-07  1.062210e-06  2.439637e-05 
 1.247000e+01  1.302584e-06  1.501031e-06  2.360600e-05 
 1.248000e+01  1.730963e-06  1.920412e-06  2.265960e-05 
 1.249000e+01  2.139066e-06  2.318814e-06  2.157048e-05 
 1.250000e+01  2.525347e-06  2.694685e-06  2.035327e-05 
 1.251000e+01  2.888239e-06  3.046441e-06  1.902355e-05 
 1.252000e+01  3.226135e-06  3.372456e-06  1.759748e-05 
 1.253000e+01  3.537393e-06  3.671081e-06  1.609141e-05 
 1.254000e+01  3.820359e-06  3.940659e-06  1.452156e-05 
 1.255000e+01  4.073394e-06  4.179574e-06  1.290364e-05 
 1.256000e+01  4.294920e-06  4.386287e-06  1.125260e-05 
 1.257000e+01  4.483470e-06  4.559402e-06  9.582428e-06 
 1.258000e+01  4.637745e-06  4.697713e-06  7.905955e-06 
 1.259000e+01  4.756676e-06  4.800269e-06  6.234793e-06 
 1.260000e+01  4.839473e-06  4.866427e-06  4.579302e-06 
 1.261000e+01  4.885680e-06  4.895895e-06  2.948632e-06 
 1.262000e+01  4.895215e-06  4.888771e-06  1.350816e-06 
 1.263000e+01  4.868401e-06  4.845568e-06 -2.070964e-07 
 1.264000e+01  4.805977e-06  4.767218e-06 -1.718869e-06 
 1.265000e+01  4.709106e-06  4.655073e-06 -3.178895e-06 
 1.266000e+01  4.579358e-06  4.510881e-06 -4.582017e-06 
 1.267000e+01  4.418679e-06  4.336751e-06 -5.923341e-06 
 1.268000e+01  4.229358e-06  4.135110e-06 -7.198093e-06 
 1.269000e+01  4.013966e-06  3.908643e-06 -8.401497e-06 
 1.270000e+01  3.775300e-06  3.660229e-06 -9.528697e-06 
 1.271000e+01  3.516315e-06  3.392875e-06 -1.057473e-05 
 1.272000e+01  3.240055e-06  3.109647e-06 -1.153452e-05 
 1.273000e+01  2.949587e-06  2.813600e-06 -1.240300e-05 
 1.274000e+01  2.647933e-06  2.507722e-06 -1.317512e-05 
 1.275000e+01  2.338017e-06  2.194872e-06 -1.384609e-05 
 1.276000e+01  2.022612e-06  1.877746e-06 -1.441146e-05 
 1.277000e+01  1.704307e-06  1.558839e-06 -1.486737e-05 
 1.278000e+01  1.385476e-06  1.240423e-06 -1.521065e-05 
 1.279000e+01  1.068269e-06  9.245426e-07 -1.543908e-05 
 1.280000e+01  7.546080e-07  6.130178e-07 -1.555149e-05 
 1.281000e+01  4.461938e-07  3.074551e-07 -1.554791e-05 
 1.282000e+01  1.445278e-07  9.270613e-09 -1.542964e-05 
 1.283000e+01 -1.490647e-07 -2.802815e-07 -1.519931e-05 
 1.284000e+01 -4.334033e-07 -5.600776e-07 -1.486087e-05 
 1.285000e+01 -7.074203e-07 -8.290912e-07 -1.441956e-05 
 1.286000e+01 -9.701270e-07 -1.086361e-06 -1.388176e-05 
 1.287000e+01 -1.220584e-06 -1.330961e-06 -1.325495e-05 
 1.288000e+01 -1.457876e-06 -1.561981e-06 -1.254744e-05 
 1.289000e+01 -1.681090e-06 -1.778505e-06 -1.176825e-05 
 1.290000e+01 -1.889307e-06 -1.979609e-06 -1.092684e-05 
 1.291000e+01 -2.081594e-06 -2.164357e-06 -1.003296e-05 
 1.292000e+01 -2.257016e-06 -2.331812e-06 -9.096356e-06 
 1.293000e+01 -2.414640e-06 -2.481051e-06 -8.126632e-06 
 1.294000e+01 -2.553562e-06 -2.611189e-06 -7.133039e-06 
 1.295000e+01 -2.672933e-06 -2.721409e-06 -6.124334e-06 
 1.296000e+01 -2.771983e-06 -2.810991e-06 -5.108666e-06 
 1.297000e+01 -2.850061e-06 -2.879344e-06 -4.093493e-06 
 1.298000e+01 -2.906661e-06 -2.926040e-06 -3.085549e-06 
 1.299000e+01 -2.941458e-06 -2.950842e-06 -2.090836e-06 
 1.300000e+01 -2.954329e-06 -2.953726e-06 -1.114659e-06 
 1.301000e+01 -2.945376e-06 -2.934904e-06 -1.616847e-07 
 1.302000e+01 -2.914940e-06 -2.894826e-06  7.639733e-07 
 1.303000e+01 -2.863606e-06 -2.834189e-06  1.658659e-06 
 1.304000e+01 -2.792200e-06 -2.753925e-06  2.519070e-06 
 1.305000e+01 -2.701777e-06 -2.655190e-06  3.342150e-06 
 1.306000e+01 -2.593604e-06 -2.539338e-06  4.124996e-06 
 1.307000e+01 -2.469130e-06 -2.407896e-06  4.864781e-06 
 1.308000e+01 -2.329959e-06 -2.262523e-06  5.558687e-06 
 1.309000e+01 -2.177806e-06 -2.104977e-06  6.203878e-06 
 1.310000e+01 -2.014465e-06 -1.937075e-06  6.797485e-06 
 1.311000e+01 -1.841767e-06 -1.760652e-06  7.336627e-06 
 1.312000e+01 -1.661537e-06 -1.577522e-06  7.818453e-06 
 1.313000e+01 -1.475567e-06 -1.389449e-06  8.240210e-06 
 1.314000e+01 -1.285574e-06 -1.198112e-06  8.599321e-06 
 1.315000e+01 -1.093184e-06 -1.005084e-06  8.893487e-06 
 1.316000e+01 -8.999043e-07 -8.118188e-07  9.120785e-06 
 1.317000e+01 -7.071171e-07 -6.196355e-07  9.279769e-06 
 1.318000e+01 -5.160690e-07 -4.297202e-07  9.369563e-06 
 1.319000e+01 -3.278738e-07 -2.431276e-07  9.389947e-06 
 1.320000e+01 -1.435192e-07 -6.079075e-08  9.341413e-06 
 1.321000e+01  3.612220e-08  1.164658e-07  9.225209e-06 
 1.322000e+01  2.102772e-07  2.879092e-07  9.043349e-06 
 1.323000e+01  3.782545e-07  4.528797e-07  8.798606e-06 
 1.324000e+01  5.394256e-07  6.107723e-07  8.494471e-06 
 1.325000e+01  6.932073e-07  7.610192e-07  8.135084e-06 
 1.326000e+01  8.390449e-07  9.030744e-07  7.725157e-06 
 1.327000e+01  9.763988e-07  1.036402e-06  7.269861e-06 
 1.328000e+01  1.104735e-06  1.160469e-06  6.774715e-06 
 1.329000e+01  1.223520e-06  1.274741e-06  6.245461e-06 
 1.330000e+01  1.332220e-06  1.378686e-06  5.687935e-06 
 1.331000e+01  1.430307e-06  1.471779e-06  5.107947e-06 
 1.332000e+01  1.517263e-06  1.553514e-06  4.511171e-06 
 1.333000e+01  1.592600e-06  1.623415e-06  3.903044e-06 
 1.334000e+01  1.655868e-06  1.681059e-06  3.288687e-06 
 1.335000e+01  1.706676e-06  1.726087e-06  2.672845e-06 
 1.336000e+01  1.744711e-06  1.758224e-06  2.059851e-06 
 1.337000e+01  1.769753e-06  1.777301e-06  1.453605e-06 
 1.338000e+01  1.781694e-06  1.783262e-06  8.575857e-07 
 1.339000e+01  1.780549e-06  1.776184e-06  2.748661e-07 
 1.340000e+01  1.766468e-06  1.756279e-06 -2.918432e-07 
 1.341000e+01  1.739740e-06  1.723900e-06 -8.401461e-07 
 1.342000e+01  1.700795e-06  1.679543e-06 -1.367904e-06 
 1.343000e+01  1.650202e-06  1.623834e-06 -1.873176e-06 
 1.344000e+01  1.588657e-06  1.557527e-06 -2.354163e-06 
 1.345000e+01  1.516971e-06  1.481480e-06 -2.809154e-06 
 1.346000e+01  1.436057e-06  1.396646e-06 -3.236488e-06 
 1.347000e+01  1.346906e-06  1.304046e-06 -3.634520e-06 
 1.348000e+01  1.250567e-06  1.204748e-06 -4.001612e-06 
 1.349000e+01  1.148124e-06  1.099846e-06 -4.336125e-06 
 1.350000e+01  1.040673e-06  9.904353e-07 -4.636444e-06 
 1.351000e+01  9.293016e-07  8.775912e-07 -4.900996e-06 
 1.352000e+01  8.150654e-07  7.623522e-07 -5.128299e-06 
 1.353000e+01  6.989751e-07  6.457027e-07 -5.317005e-06 
 1.354000e+01  5.819803e-07  5.285614e-07 -5.465961e-06 
 1.355000e+01  4.649598e-07  4.117728e-07 -5.574260e-06 
 1.356000e+01  3.487159e-07  2.961031e-07 -5.641301e-06 
 1.357000e+01  2.339716e-07  1.822395e-07 -5.666836e-06 
 1.358000e+01  1.213724e-07  7.079323e-08 -5.651011e-06 
 1.359000e+01  1.149079e-08 -3.769443e-08 -5.594401e-06 
 1.360000e+01 -9.516622e-08 -1.427439e-07 -5.498020e-06 
 1.361000e+01 -1.981483e-07 -2.439278e-07 -5.363326e-06 
 1.362000e+01 -2.970516e-07 -3.408600e-07 -5.192205e-06 
 1.363000e+01 -3.915077e-07 -4.331856e-07 -4.986946e-06 
 1.364000e+01 -4.811744e-07 -5.205714e-07 -4.750196e-06 
 1.365000e+01 -5.657264e-07 -6.026977e-07 -4.484907e-06 
 1.366000e+01 -6.448487e-07 -6.792525e-07 -4.194271e-06 
 1.367000e+01 -7.182317e-07 -7.499280e-07 -3.881653e-06 
 1.368000e+01 -7.855696e-07 -8.144199e-07 -3.550518e-06 
 1.369000e+01 -8.465605e-07 -8.724292e-07 -3.204357e-06 
 1.370000e+01 -9.009103e-07 -9.236664e-07 -2.846621e-06 
 1.371000e+01 -9.483377e-07 -9.678586e-07 -2.480657e-06 
 1.372000e+01 -9.885825e-07 -1.004757e-06 -2.109654e-06 
 1.373000e+01 -1.021414e-06 -1.034149e-06 -1.736604e-06 
 1.374000e+01 -1.046641e-06 -1.055863e-06 -1.364268e-06 
 1.375000e+01 -1.064124e-06 -1.069785e-06 -9.951584e-07 
 1.376000e+01 -1.073780e-06 -1.075862e-06 -6.315362e-07 
 1.377000e+01 -1.075596e-06 -1.074115e-06 -2.754131e-07 
 1.378000e+01 -1.069633e-06 -1.064641e-06  7.143067e-08 
 1.379000e+01 -1.056032e-06 -1.047617e-06  4.074230e-07 
 1.380000e+01 -1.035015e-06 -1.023302e-06  7.311703e-07 
 1.381000e+01 -1.006886e-06 -9.920360e-07  1.041425e-06 
 1.382000e+01 -9.720247e-07 -9.542337e-07  1.337052e-06 
 1.383000e+01 -9.308841e-07 -9.103777e-07  1.616997e-06 
 1.384000e+01 -8.839798e-07 -8.610099e-07  1.880261e-06 
 1.385000e+01 -8.318806e-07 -8.067196e-07  2.125875e-06 
 1.386000e+01 -7.751963e-07 -7.481317e-07  2.352890e-06 
 1.387000e+01 -7.145650e-07 -6.858932e-07  2.560370e-06 
 1.388000e+01 -6.506397e-07 -6.206600e-07  2.747393e-06 
 1.389000e+01 -5.840752e-07 -5.530842e-07  2.913066e-06 
 1.390000e+01 -5.155162e-07 -4.838022e-07  3.056537e-06 
 1.391000e+01 -4.455858e-07 -4.134246e-07  3.177027e-06 
 1.392000e+01 -3.748765e-07 -3.425274e-07  3.273851e-06 
 1.393000e+01 -3.039427e-07 -2.716462e-07  3.346457e-06 
 1.394000e+01 -2.332960e-07 -2.012717e-07  3.394452e-06 
 1.395000e+01 -1.634018e-07 -1.318482e-07  3.417634e-06 
 1.396000e+01 -9.467900e-08 -6.377354e-08  3.416018e-06 
 1.397000e+01 -2.750138e-08  2.598291e-09  3.389856e-06 
 1.398000e+01  3.779944e-08  6.695366e-08  3.339653e-06 
 1.399000e+01  1.009295e-07  1.290142e-07  3.266168e-06 
 1.400000e+01  1.616270e-07  1.885313e-07  3.170417e-06 
 1.401000e+01  2.196568e-07  2.452797e-07  3.053656e-06 
 1.402000e+01  2.748040e-07  2.990526e-07  2.917364e-06 
 1.403000e+01  3.268689e-07  3.496556e-07  2.763217e-06 
 1.404000e+01  3.756624e-07  3.969031e-07  2.593050e-06 
 1.405000e+01  4.210022e-07  4.406154e-07  2.408823e-06 
 1.406000e+01  4.627108e-07  4.806169e-07  2.212580e-06 
 1.407000e+01  5.006151e-07  5.167364e-07  2.006404e-06 
 1.408000e+01  5.345468e-07  5.488084e-07  1.792377e-06 
 1.409000e+01  5.643449e-07  5.766764e-07  1.572544e-06 
 1.410000e+01  5.898593e-07  6.001964e-07  1.348876e-06 
 1.411000e+01  6.109553e-07  6.192422e-07  1.123241e-06 
 1.412000e+01  6.275189e-07  6.337109e-07  8.973845e-07 
 1.413000e+01  6.394624e-07  6.435284e-07  6.729109e-07 
 1.414000e+01  6.467296e-07  6.486548e-07  4.512769e-07 
 1.415000e+01  6.493018e-07  6.490893e-07  2.337903e-07 
 1.416000e+01  6.472012e-07  6.448743e-07  2.161455e-08 
 1.417000e+01  6.404949e-07  6.360979e-07 -1.842207e-07 
 1.418000e+01  6.292967e-07  6.228953e-07 -3.828051e-07 
 1.419000e+01  6.137674e-07  6.054489e-07 -5.733300e-07 
 1.420000e+01  5.941142e-07  5.839861e-07 -7.550702e-07 
 1.421000e+01  5.705879e-07  5.587766e-07 -9.273650e-07 
 1.422000e+01  5.434786e-07  5.301272e-07 -1.089601e-06 
 1.423000e+01  5.131110e-07  4.983763e-07 -1.241198e-06 
 1.424000e+01  4.798376e-07  4.638870e-07 -1.381599e-06 
 1.425000e+01  4.440317e-07  4.270399e-07 -1.510262e-06 
 1.426000e+01  4.060797e-07  3.882252e-07 -1.626658e-06 
 1.427000e+01  3.663737e-07  3.478354e-07 -1.730277e-06 
 1.428000e+01  3.253040e-07  3.062576e-07 -1.820633e-06 
 1.429000e+01  2.832520e-07  2.638676e-07 -1.897276e-06 
 1.430000e+01  2.405845e-07  2.210239e-07 -1.959807e-06 
 1.431000e+01  1.976484e-07  1.780630e-07 -2.007894e-06 
 1.432000e+01  1.547672e-07  1.352968e-07 -2.041291e-06 
 1.433000e+01  1.122380e-07  9.301014e-08 -2.059853e-06 
 1.434000e+01  7.033068e-08  5.146028e-08 -2.063553e-06 
 1.435000e+01  2.928775e-08  1.087741e-08 -2.052496e-06 
 1.436000e+01 -1.067469e-08 -2.853382e-08 -2.026930e-06 
 1.437000e+01 -4.936483e-08 -6.659195e-08 -1.987249e-06 
 1.438000e+01 -8.661254e-08 -1.031358e-07 -1.933995e-06 
 1.439000e+01 -1.222661e-07 -1.380211e-07 -1.867856e-06 
 1.440000e+01 -1.561891e-07 -1.711173e-07 -1.789653e-06 
 1.441000e+01 -1.882568e-07 -2.023044e-07 -1.700333e-06 
 1.442000e+01 -2.183537e-07 -2.314699e-07 -1.600946e-06 
 1.443000e+01 -2.463705e-07 -2.585072e-07 -1.492627e-06 
 1.444000e+01 -2.722030e-07 -2.833138e-07 -1.376574e-06 
 1.445000e+01 -2.957507e-07 -3.057908e-07 -1.254022e-06 
 1.446000e+01 -3.169168e-07 -3.258434e-07 -1.126219e-06 
 1.447000e+01 -3.356091e-07 -3.433816e-07 -9.944060e-07 
 1.448000e+01 -3.517413e-07 -3.583226e-07 -8.597905e-07 
 1.449000e+01 -3.652352e-07 -3.705928e-07 -7.235311e-07 
 1.450000e+01 -3.760236e-07 -3.801306e-07 -5.867209e-07 
 1.451000e+01 -3.840532e-07 -3.868899e-07 -4.503760e-07 
 1.452000e+01 -3.892875e-07 -3.908431e-07 -3.154279e-07 
 1.453000e+01 -3.917101e-07 -3.919838e-07 -1.827203e-07 
 1.454000e+01 -3.913275e-07 -3.903292e-07 -5.300887e-08 
 1.455000e+01 -3.881709e-07 -3.859227e-07  7.303450e-08 
 1.456000e+01 -3.822981e-07 -3.788343e-07  1.948152e-07 
 1.457000e+01 -3.737940e-07 -3.691616e-07  3.118072e-07 
 1.458000e+01 -3.627710e-07 -3.570289e-07  4.235427e-07 
 1.459000e+01 -3.493674e-07 -3.425861e-07  5.296020e-07 
 1.460000e+01 -3.337458e-07 -3.260061e-07  6.296026e-07 
 1.461000e+01 -3.160905e-07 -3.074822e-07  7.231904e-07 
 1.462000e+01 -2.966044e-07 -2.872245e-07  8.100319e-07 
 1.463000e+01 -2.755045e-07 -2.654555e-07  8.898092e-07 
 1.464000e+01 -2.530184e-07 -2.424059e-07  9.622168e-07 
 1.465000e+01 -2.293792e-07 -2.183105e-07  1.026961e-06 
 1.466000e+01 -2.048216e-07 -1.934032e-07  1.083765e-06 
 1.467000e+01 -1.795777e-07 -1.679136e-07  1.132370e-06 
 1.468000e+01 -1.538726e-07 -1.420629e-07  1.172544e-06 
 1.469000e+01 -1.279218e-07 -1.160612e-07  1.204092e-06 
 1.470000e+01 -1.019283e-07 -9.010505e-08  1.226862e-06 
 1.471000e+01 -7.608024e-08 -6.437567e-08  1.240759e-06 
 1.472000e+01 -5.055023e-08 -3.903820e-08  1.245750e-06 
 1.473000e+01 -2.549452e-08 -1.424144e-08  1.241876e-06 
 1.474000e+01 -1.053226e-09  9.881620e-09  1.229255e-06 
 1.475000e+01  2.264885e-08  3.321285e-08  1.208092e-06 
 1.476000e+01  4.550101e-08  5.564752e-08  1.178675e-06 
 1.477000e+01  6.740501e-08  7.709253e-08  1.141378e-06 
 1.478000e+01  8.827325e-08  9.746460e-08  1.096658e-06 
 1.479000e+01  1.080269e-07  1.166884e-07  1.045045e-06 
 1.480000e+01  1.265942e-07  1.346946e-07  9.871383e-07 
 1.481000e+01  1.439085e-07  1.514190e-07  9.235917e-07 
 1.482000e+01  1.599077e-07  1.668008e-07  8.551032e-07 
 1.483000e+01  1.745326e-07  1.807823e-07  7.824011e-07 
 1.484000e+01  1.877271e-07  1.933087e-07  7.062296e-07 
 1.485000e+01  1.994381e-07  2.043282e-07  6.273352e-07 
 1.486000e+01  2.096159e-07  2.137933e-07  5.464536e-07 
 1.487000e+01  2.182155e-07  2.216611e-07  4.642975e-07 
 1.488000e+01  2.251975e-07  2.278955e-07  3.815467e-07 
 1.489000e+01  2.305301e-07  2.324685e-07  2.988393e-07 
 1.490000e+01  2.341905e-07  2.353620e-07  2.167665e-07 
 1.491000e+01  2.361667e-07  2.365693e-07  1.358683e-07 
 1.492000e+01  2.364591e-07  2.360971e-07  5.663243e-08 
 1.493000e+01  2.350821e-07  2.339662e-07 -2.050489e-08 
 1.494000e+01  2.320648e-07  2.302130e-07 -9.515632e-08 
 1.495000e+01  2.274519e-07  2.248893e-07 -1.669792e-07 
 1.496000e+01  2.213042e-07  2.180630e-07 -2.356704e-07 
 1.497000e+01  2.136976e-07  2.098170e-07 -3.009604e-07 
 1.498000e+01  2.047231e-07  2.002485e-07 -3.626073e-07 
 1.499000e+01  1.944848e-07  1.894675e-07 -4.203914e-07 
 1.500000e+01  1.830989e-07  1.775949e-07 -4.741097e-07 
