         time X Accelera... X Accelera... 
------------- ------------- ------------- 
 1.000000e-02 -3.065868e-56 -3.388617e-117 
 2.000000e-02 -1.034728e-55 -2.844838e-104 
 3.000000e-02 -3.047223e-55 -1.505812e-96 
 4.000000e-02 -8.996700e-55 -6.201292e-91 
 5.000000e-02 -2.645828e-54 -1.670595e-86 
 6.000000e-02 -7.743184e-54 -7.611218e-83 
 7.000000e-02 -2.256180e-53 -9.795128e-80 
 8.000000e-02 -6.544343e-53 -4.859124e-77 
 9.000000e-02 -1.889766e-52 -1.139076e-74 
 1.000000e-01 -5.432473e-52 -1.453109e-72 
 1.100000e-01 -1.554658e-51 -1.117204e-70 
 1.200000e-01 -4.429141e-51 -5.587484e-69 
 1.300000e-01 -1.256179e-50 -1.927684e-67 
 1.400000e-01 -3.546748e-50 -4.804289e-66 
 1.500000e-01 -9.969104e-50 -8.975693e-65 
 1.600000e-01 -2.789514e-49 -1.295635e-63 
 1.700000e-01 -7.770469e-49 -1.481836e-62 
 1.800000e-01 -2.154826e-48 -1.371846e-61 
 1.900000e-01 -5.948713e-48 -1.047352e-60 
 2.000000e-01 -1.634857e-47 -6.705972e-60 
 2.100000e-01 -4.472824e-47 -3.658453e-59 
 2.200000e-01 -1.218230e-46 -1.727664e-58 
 2.300000e-01 -3.303100e-46 -7.181019e-58 
 2.400000e-01 -8.915772e-46 -2.675865e-57 
 2.500000e-01 -2.395746e-45 -9.124701e-57 
 2.600000e-01 -6.408657e-45 -2.911295e-56 
 2.700000e-01 -1.706622e-44 -8.883250e-56 
 2.800000e-01 -4.524300e-44 -2.640871e-55 
 2.900000e-01 -1.194013e-43 -7.747606e-55 
 3.000000e-01 -3.136969e-43 -2.258006e-54 
 3.100000e-01 -8.204541e-43 -6.552764e-54 
 3.200000e-01 -2.136197e-42 -1.894055e-53 
 3.300000e-01 -5.536952e-42 -5.451807e-53 
 3.400000e-01 -1.428705e-41 -1.562440e-52 
 3.500000e-01 -3.669918e-41 -4.458223e-52 
 3.600000e-01 -9.384516e-41 -1.266526e-51 
 3.700000e-01 -2.388960e-40 -3.582297e-51 
 3.800000e-01 -6.054064e-40 -1.008797e-50 
 3.900000e-01 -1.527306e-39 -2.828402e-50 
 4.000000e-01 -3.835709e-39 -7.895377e-50 
 4.100000e-01 -9.589710e-39 -2.194315e-49 
 4.200000e-01 -2.386741e-38 -6.071825e-49 
 4.300000e-01 -5.913504e-38 -1.672759e-48 
 4.400000e-01 -1.458558e-37 -4.588187e-48 
 4.500000e-01 -3.581308e-37 -1.252975e-47 
 4.600000e-01 -8.753835e-37 -3.406723e-47 
 4.700000e-01 -2.130068e-36 -9.221979e-47 
 4.800000e-01 -5.159724e-36 -2.485445e-46 
 4.900000e-01 -1.244220e-35 -6.669247e-46 
 5.000000e-01 -2.986796e-35 -1.781729e-45 
 5.100000e-01 -7.137577e-35 -4.739127e-45 
 5.200000e-01 -1.697981e-34 -1.255009e-44 
 5.300000e-01 -4.021157e-34 -3.308924e-44 
 5.400000e-01 -9.479933e-34 -8.685960e-44 
 5.500000e-01 -2.224821e-33 -2.270073e-43 
 5.600000e-01 -5.197807e-33 -5.906803e-43 
 5.700000e-01 -1.208871e-32 -1.530226e-42 
 5.800000e-01 -2.798816e-32 -3.946831e-42 
 5.900000e-01 -6.450639e-32 -1.013518e-41 
 6.000000e-01 -1.480010e-31 -2.591217e-41 
 6.100000e-01 -3.380337e-31 -6.595767e-41 
 6.200000e-01 -7.685783e-31 -1.671536e-40 
 6.300000e-01 -1.739597e-30 -4.217497e-40 
 6.400000e-01 -3.919595e-30 -1.059454e-39 
 6.500000e-01 -8.791545e-30 -2.649705e-39 
 6.600000e-01 -1.963000e-29 -6.597819e-39 
 6.700000e-01 -4.363210e-29 -1.635651e-38 
 6.800000e-01 -9.654329e-29 -4.037086e-38 
 6.900000e-01 -2.126512e-28 -9.920463e-38 
 7.000000e-01 -4.662756e-28 -2.427070e-37 
 7.100000e-01 -1.017762e-27 -5.911783e-37 
 7.200000e-01 -2.211457e-27 -1.433641e-36 
 7.300000e-01 -4.783417e-27 -3.461366e-36 
 7.400000e-01 -1.029972e-26 -8.320312e-36 
 7.500000e-01 -2.207695e-26 -1.991206e-35 
 7.600000e-01 -4.710630e-26 -4.744353e-35 
 7.700000e-01 -1.000564e-25 -1.125438e-34 
 7.800000e-01 -2.115609e-25 -2.657967e-34 
 7.900000e-01 -4.452981e-25 -6.249720e-34 
 8.000000e-01 -9.330186e-25 -1.463033e-33 
 8.100000e-01 -1.946046e-24 -3.409809e-33 
 8.200000e-01 -4.040534e-24 -7.912025e-33 
 8.300000e-01 -8.351158e-24 -1.827792e-32 
 8.400000e-01 -1.718210e-23 -4.203845e-32 
 8.500000e-01 -3.519061e-23 -9.626030e-32 
 8.600000e-01 -7.174599e-23 -2.194461e-31 
 8.700000e-01 -1.456090e-22 -4.980674e-31 
 8.800000e-01 -2.941697e-22 -1.125454e-30 
 8.900000e-01 -5.915970e-22 -2.531895e-30 
 9.000000e-01 -1.184327e-21 -5.670773e-30 
 9.100000e-01 -2.360122e-21 -1.264493e-29 
 9.200000e-01 -4.681806e-21 -2.807166e-29 
 9.300000e-01 -9.245023e-21 -6.204353e-29 
 9.400000e-01 -1.817261e-20 -1.365215e-28 
 9.500000e-01 -3.555828e-20 -2.990761e-28 
 9.600000e-01 -6.925918e-20 -6.522852e-28 
 9.700000e-01 -1.342847e-19 -1.416342e-27 
 9.800000e-01 -2.591715e-19 -3.061773e-27 
 9.900000e-01 -4.979192e-19 -6.589484e-27 
 1.000000e+00 -9.522268e-19 -1.411897e-26 
 1.010000e+00 -1.812722e-18 -3.011808e-26 
 1.020000e+00 -3.435026e-18 -6.396222e-26 
 1.030000e+00 -6.479423e-18 -1.352356e-25 
 1.040000e+00 -1.216603e-17 -2.846621e-25 
 1.050000e+00 -2.273878e-17 -5.965382e-25 
 1.060000e+00 -4.230481e-17 -1.244562e-24 
 1.070000e+00 -7.834584e-17 -2.585019e-24 
 1.080000e+00 -1.444258e-16 -5.345390e-24 
 1.090000e+00 -2.650177e-16 -1.100431e-23 
 1.100000e+00 -4.840669e-16 -2.255345e-23 
 1.110000e+00 -8.801067e-16 -4.601821e-23 
 1.120000e+00 -1.592808e-15 -9.347857e-23 
 1.130000e+00 -2.869385e-15 -1.890425e-22 
 1.140000e+00 -5.145292e-15 -3.806019e-22 
 1.150000e+00 -9.183876e-15 -7.628622e-22 
 1.160000e+00 -1.631682e-14 -1.522243e-21 
 1.170000e+00 -2.885608e-14 -3.024015e-21 
 1.180000e+00 -5.079608e-14 -5.980607e-21 
 1.190000e+00 -8.900466e-14 -1.177517e-20 
 1.200000e+00 -1.552329e-13 -2.308067e-20 
 1.210000e+00 -2.694893e-13 -4.503901e-20 
 1.220000e+00 -4.656773e-13 -8.749581e-20 
 1.230000e+00 -8.009633e-13 -1.692166e-19 
 1.240000e+00 -1.371270e-12 -3.258028e-19 
 1.250000e+00 -2.336760e-12 -6.244855e-19 
 1.260000e+00 -3.963556e-12 -1.191638e-18 
 1.270000e+00 -6.691659e-12 -2.263706e-18 
 1.280000e+00 -1.124498e-11 -4.281033e-18 
 1.290000e+00 -1.880869e-11 -8.059883e-18 
 1.300000e+00 -3.131345e-11 -1.510636e-17 
 1.310000e+00 -5.188888e-11 -2.818647e-17 
 1.320000e+00 -8.558288e-11 -5.235646e-17 
 1.330000e+00 -1.404969e-10 -9.681611e-17 
 1.340000e+00 -2.295683e-10 -1.782263e-16 
 1.350000e+00 -3.733535e-10 -3.266190e-16 
 1.360000e+00 -6.043519e-10 -5.958757e-16 
 1.370000e+00 -9.736852e-10 -1.082214e-15 
 1.380000e+00 -1.561364e-09 -1.956650e-15 
 1.390000e+00 -2.491978e-09 -3.521714e-15 
 1.400000e+00 -3.958554e-09 -6.310079e-15 
 1.410000e+00 -6.258622e-09 -1.125522e-14 
 1.420000e+00 -9.848458e-09 -1.998531e-14 
 1.430000e+00 -1.542419e-08 -3.532674e-14 
 1.440000e+00 -2.404245e-08 -6.216286e-14 
 1.450000e+00 -3.729876e-08 -1.088910e-13 
 1.460000e+00 -5.758993e-08 -1.898824e-13 
 1.470000e+00 -8.849776e-08 -3.296159e-13 
 1.480000e+00 -1.353470e-07 -5.695877e-13 
 1.490000e+00 -2.060118e-07 -9.798075e-13 
 1.500000e+00 -3.120756e-07 -1.677826e-12 
 1.510000e+00 -4.704877e-07 -2.860077e-12 
 1.520000e+00 -7.059176e-07 -4.853237e-12 
 1.530000e+00 -1.054080e-06 -8.197973e-12 
 1.540000e+00 -1.566400e-06 -1.378482e-11 
 1.550000e+00 -2.316530e-06 -2.307350e-11 
 1.560000e+00 -3.409377e-06 -3.844520e-11 
 1.570000e+00 -4.993557e-06 -6.376537e-11 
 1.580000e+00 -7.278440e-06 -1.052786e-10 
 1.590000e+00 -1.055736e-05 -1.730238e-10 
 1.600000e+00 -1.523901e-05 -2.830609e-10 
 1.610000e+00 -2.188956e-05 -4.609572e-10 
 1.620000e+00 -3.128898e-05 -7.472149e-10 
 1.630000e+00 -4.450559e-05 -1.205682e-09 
 1.640000e+00 -6.299425e-05 -1.936511e-09 
 1.650000e+00 -8.872468e-05 -3.096028e-09 
 1.660000e+00 -1.243481e-04 -4.927030e-09 
 1.670000e+00 -1.734119e-04 -7.804742e-09 
 1.680000e+00 -2.406339e-04 -1.230615e-08 
 1.690000e+00 -3.322506e-04 -1.931408e-08 
 1.700000e+00 -4.564559e-04 -3.017249e-08 
 1.710000e+00 -6.239476e-04 -4.691706e-08 
 1.720000e+00 -8.486051e-04 -7.261565e-08 
 1.730000e+00 -1.148320e-03 -1.118682e-07 
 1.740000e+00 -1.546006e-03 -1.715365e-07 
 1.750000e+00 -2.070812e-03 -2.618048e-07 
 1.760000e+00 -2.759574e-03 -3.977096e-07 
 1.770000e+00 -3.658514e-03 -6.013384e-07 
 1.780000e+00 -4.825224e-03 -9.049668e-07 
 1.790000e+00 -6.330950e-03 -1.355513e-06 
 1.800000e+00 -8.263169e-03 -2.020824e-06 
 1.810000e+00 -1.072846e-02 -2.998494e-06 
 1.820000e+00 -1.385568e-02 -4.428164e-06 
 1.830000e+00 -1.779929e-02 -6.508579e-06 
 1.840000e+00 -2.274293e-02 -9.521084e-06 
 1.850000e+00 -2.890295e-02 -1.386181e-05 
 1.860000e+00 -3.653190e-02 -2.008547e-05 
 1.870000e+00 -4.592163e-02 -2.896464e-05 
 1.880000e+00 -5.740592e-02 -4.156936e-05 
 1.890000e+00 -7.136224e-02 -5.937348e-05 
 1.900000e+00 -8.821222e-02 -8.439568e-05 
 1.910000e+00 -1.084206e-01 -1.193853e-04 
 1.920000e+00 -1.324921e-01 -1.680657e-04 
 1.930000e+00 -1.609655e-01 -2.354497e-04 
 1.940000e+00 -1.944052e-01 -3.282481e-04 
 1.950000e+00 -2.333883e-01 -4.553911e-04 
 1.960000e+00 -2.784885e-01 -6.286923e-04 
 1.970000e+00 -3.302551e-01 -8.636861e-04 
 1.980000e+00 -3.891873e-01 -1.180675e-03 
 1.990000e+00 -4.557031e-01 -1.606028e-03 
 2.000000e+00 -5.301045e-01 -2.173784e-03 
 2.010000e+00 -6.125369e-01 -2.927595e-03 
 2.020000e+00 -7.029451e-01 -3.923086e-03 
 2.030000e+00 -8.010268e-01 -5.230670e-03 
 2.040000e+00 -9.061835e-01 -6.938875e-03 
 2.050000e+00 -1.017472e+00 -9.158248e-03 
 2.060000e+00 -1.133560e+00 -1.202585e-02 
 2.070000e+00 -1.252683e+00 -1.571040e-02 
 2.080000e+00 -1.372610e+00 -2.041804e-02 
 2.090000e+00 -1.490626e+00 -2.639871e-02 
 2.100000e+00 -1.603518e+00 -3.395302e-02 
 2.110000e+00 -1.707587e+00 -4.343964e-02 
 2.120000e+00 -1.798681e+00 -5.528275e-02 
 2.130000e+00 -1.872242e+00 -6.997958e-02 
 2.140000e+00 -1.923388e+00 -8.810743e-02 
 2.150000e+00 -1.947019e+00 -1.103299e-01 
 2.160000e+00 -1.937949e+00 -1.374018e-01 
 2.170000e+00 -1.891062e+00 -1.701714e-01 
 2.180000e+00 -1.801496e+00 -2.095806e-01 
 2.190000e+00 -1.664842e+00 -2.566604e-01 
 2.200000e+00 -1.477361e+00 -3.125224e-01 
 2.210000e+00 -1.236205e+00 -3.783433e-01 
 2.220000e+00 -9.396363e-01 -4.553436e-01 
 2.230000e+00 -5.872372e-01 -5.447575e-01 
 2.240000e+00 -1.800986e-01 -6.477937e-01 
 2.250000e+00  2.790251e-01 -7.655868e-01 
 2.260000e+00  7.856039e-01 -8.991379e-01 
 2.270000e+00  1.333272e+00 -1.049245e+00 
 2.280000e+00  1.913830e+00 -1.216423e+00 
 2.290000e+00  2.517313e+00 -1.400813e+00 
 2.300000e+00  3.132138e+00 -1.602087e+00 
 2.310000e+00  3.745312e+00 -1.819344e+00 
 2.320000e+00  4.342730e+00 -2.051003e+00 
 2.330000e+00  4.909521e+00 -2.294702e+00 
 2.340000e+00  5.430466e+00 -2.547200e+00 
 2.350000e+00  5.890449e+00 -2.804293e+00 
 2.360000e+00  6.274949e+00 -3.060745e+00 
 2.370000e+00  6.570534e+00 -3.310252e+00 
 2.380000e+00  6.765349e+00 -3.545429e+00 
 2.390000e+00  6.849575e+00 -3.757848e+00 
 2.400000e+00  6.815843e+00 -3.938112e+00 
 2.410000e+00  6.659566e+00 -4.075987e+00 
 2.420000e+00  6.379200e+00 -4.160587e+00 
 2.430000e+00  5.976391e+00 -4.180622e+00 
 2.440000e+00  5.456022e+00 -4.124698e+00 
 2.450000e+00  4.826137e+00 -3.981680e+00 
 2.460000e+00  4.097752e+00 -3.741097e+00 
 2.470000e+00  3.284560e+00 -3.393599e+00 
 2.480000e+00  2.402528e+00 -2.931429e+00 
 2.490000e+00  1.469415e+00 -2.348915e+00 
 2.500000e+00  5.042273e-01 -1.642955e+00 
 2.510000e+00 -4.733765e-01 -8.134760e-01 
 2.520000e+00 -1.443689e+00  1.361684e-01 
 2.530000e+00 -2.387557e+00  1.198861e+00 
 2.540000e+00 -3.286945e+00  2.363491e+00 
 2.550000e+00 -4.125448e+00  3.614842e+00 
 2.560000e+00 -4.888723e+00  4.933618e+00 
 2.570000e+00 -5.564833e+00  6.296622e+00 
 2.580000e+00 -6.144477e+00  7.677102e+00 
 2.590000e+00 -6.621116e+00  9.045253e+00 
 2.600000e+00 -6.990984e+00  1.036889e+01 
 2.610000e+00 -7.252993e+00  1.161426e+01 
 2.620000e+00 -7.408529e+00  1.274700e+01 
 2.630000e+00 -7.461178e+00  1.373316e+01 
 2.640000e+00 -7.416378e+00  1.454032e+01 
 2.650000e+00 -7.281017e+00  1.513874e+01 
 2.660000e+00 -7.063020e+00  1.550246e+01 
 2.670000e+00 -6.770921e+00  1.561032e+01 
 2.680000e+00 -6.413461e+00  1.544694e+01 
 2.690000e+00 -5.999219e+00  1.500349e+01 
 2.700000e+00 -5.536301e+00  1.427820e+01 
 2.710000e+00 -5.032099e+00  1.327681e+01 
 2.720000e+00 -4.493122e+00  1.201255e+01 
 2.730000e+00 -3.924911e+00  1.050607e+01 
 2.740000e+00 -3.332043e+00  8.784915e+00 
 2.750000e+00 -2.718201e+00  6.882850e+00 
 2.760000e+00 -2.086328e+00  4.838922e+00 
 2.770000e+00 -1.438829e+00  2.696308e+00 
 2.780000e+00 -7.778181e-01  5.010054e-01 
 2.790000e+00 -1.053965e-01 -1.699581e+00 
 2.800000e+00  5.760653e-01 -3.858112e+00 
 2.810000e+00  1.263655e+00 -5.928776e+00 
 2.820000e+00  1.953674e+00 -7.868696e+00 
 2.830000e+00  2.641438e+00 -9.639204e+00 
 2.840000e+00  3.321138e+00 -1.120696e+01 
 2.850000e+00  3.985771e+00 -1.254483e+01 
 2.860000e+00  4.627153e+00 -1.363258e+01 
 2.870000e+00  5.236006e+00 -1.445723e+01 
 2.880000e+00  5.802141e+00 -1.501317e+01 
 2.890000e+00  6.314705e+00 -1.530204e+01 
 2.900000e+00  6.762506e+00 -1.533231e+01 
 2.910000e+00  7.134394e+00 -1.511864e+01 
 2.920000e+00  7.419674e+00 -1.468106e+01 
 2.930000e+00  7.608555e+00 -1.404402e+01 
 2.940000e+00  7.692585e+00 -1.323531e+01 
 2.950000e+00  7.665081e+00 -1.228496e+01 
 2.960000e+00  7.521511e+00 -1.122408e+01 
 2.970000e+00  7.259815e+00 -1.008382e+01 
 2.980000e+00  6.880650e+00 -8.894369e+00 
 2.990000e+00  6.387546e+00 -7.684087e+00 
 3.000000e+00  5.786956e+00 -6.478775e+00 
 3.010000e+00  5.088193e+00 -5.301123e+00 
 3.020000e+00  4.303268e+00 -4.170323e+00 
 3.030000e+00  3.446609e+00 -3.101863e+00 
 3.040000e+00  2.534695e+00 -2.107483e+00 
 3.050000e+00  1.585593e+00 -1.195286e+00 
 3.060000e+00  6.184445e-01 -3.699774e-01 
 3.070000e+00 -3.471106e-01  3.667836e-01 
 3.080000e+00 -1.291519e+00  1.015961e+00 
 3.090000e+00 -2.195906e+00  1.580661e+00 
 3.100000e+00 -3.042638e+00  2.065636e+00 
 3.110000e+00 -3.815840e+00  2.476787e+00 
 3.120000e+00 -4.501844e+00  2.820694e+00 
 3.130000e+00 -5.089551e+00  3.104196e+00 
 3.140000e+00 -5.570694e+00  3.334030e+00 
 3.150000e+00 -5.939999e+00  3.516538e+00 
 3.160000e+00 -6.195229e+00  3.657456e+00 
 3.170000e+00 -6.337125e+00  3.761776e+00 
 3.180000e+00 -6.369239e+00  3.833676e+00 
 3.190000e+00 -6.297682e+00  3.876525e+00 
 3.200000e+00 -6.130787e+00  3.892938e+00 
 3.210000e+00 -5.878716e+00  3.884870e+00 
 3.220000e+00 -5.553028e+00  3.853750e+00 
 3.230000e+00 -5.166215e+00  3.800630e+00 
 3.240000e+00 -4.731252e+00  3.726332e+00 
 3.250000e+00 -4.261150e+00  3.631599e+00 
 3.260000e+00 -3.768548e+00  3.517228e+00 
 3.270000e+00 -3.265356e+00  3.384176e+00 
 3.280000e+00 -2.762454e+00  3.233642e+00 
 3.290000e+00 -2.269457e+00  3.067122e+00 
 3.300000e+00 -1.794551e+00  2.886425e+00 
 3.310000e+00 -1.344402e+00  2.693663e+00 
 3.320000e+00 -9.241323e-01  2.491220e+00 
 3.330000e+00 -5.373583e-01  2.281689e+00 
 3.340000e+00 -1.862833e-01  2.067803e+00 
 3.350000e+00  1.281652e-01  1.852349e+00 
 3.360000e+00  4.061649e-01  1.638077e+00 
 3.370000e+00  6.488064e-01  1.427622e+00 
 3.380000e+00  8.578908e-01  1.223413e+00 
 3.390000e+00  1.035727e+00  1.027613e+00 
 3.400000e+00  1.184939e+00  8.420619e-01 
 3.410000e+00  1.308292e+00  6.682383e-01 
 3.420000e+00  1.408542e+00  5.072398e-01 
 3.430000e+00  1.488309e+00  3.597802e-01 
 3.440000e+00  1.549993e+00  2.262032e-01 
 3.450000e+00  1.595704e+00  1.065106e-01 
 3.460000e+00  1.627236e+00  4.012018e-04 
 3.470000e+00  1.646061e+00 -9.267964e-02 
 3.480000e+00  1.653346e+00 -1.734866e-01 
 3.490000e+00  1.649988e+00 -2.429179e-01 
 3.500000e+00  1.636667e+00 -3.019593e-01 
 3.510000e+00  1.613902e+00 -3.516325e-01 
 3.520000e+00  1.582110e+00 -3.929484e-01 
 3.530000e+00  1.541666e+00 -4.268684e-01 
 3.540000e+00  1.492956e+00 -4.542739e-01 
 3.550000e+00  1.436423e+00 -4.759457e-01 
 3.560000e+00  1.372597e+00 -4.925514e-01 
 3.570000e+00  1.302122e+00 -5.046429e-01 
 3.580000e+00  1.225761e+00 -5.126598e-01 
 3.590000e+00  1.144396e+00 -5.169412e-01 
 3.600000e+00  1.059016e+00 -5.177405e-01 
 3.610000e+00  9.706910e-01 -5.152446e-01 
 3.620000e+00  8.805480e-01 -5.095945e-01 
 3.630000e+00  7.897346e-01 -5.009057e-01 
 3.640000e+00  6.993855e-01 -4.892876e-01 
 3.650000e+00  6.105875e-01 -4.748608e-01 
 3.660000e+00  5.243472e-01 -4.577701e-01 
 3.670000e+00  4.415634e-01 -4.381951e-01 
 3.680000e+00  3.630045e-01 -4.163554e-01 
 3.690000e+00  2.892926e-01 -3.925126e-01 
 3.700000e+00  2.208955e-01 -3.669679e-01 
 3.710000e+00  1.581239e-01 -3.400569e-01 
 3.720000e+00  1.011372e-01 -3.121409e-01 
 3.730000e+00  4.995361e-02 -2.835973e-01 
 3.740000e+00  4.465834e-03 -2.548076e-01 
 3.750000e+00 -3.553946e-02 -2.261462e-01 
 3.760000e+00 -7.036017e-02 -1.979691e-01 
 3.770000e+00 -1.003560e-01 -1.706028e-01 
 3.780000e+00 -1.259259e-01 -1.443367e-01 
 3.790000e+00 -1.474868e-01 -1.194153e-01 
 3.800000e+00 -1.654545e-01 -9.603457e-02 
 3.810000e+00 -1.802275e-01 -7.433902e-02 
 3.820000e+00 -1.921743e-01 -5.442222e-02 
 3.830000e+00 -2.016243e-01 -3.632884e-02 
 3.840000e+00 -2.088626e-01 -2.005869e-02 
 3.850000e+00 -2.141277e-01 -5.572251e-03 
 3.860000e+00 -2.176134e-01  7.202783e-03 
 3.870000e+00 -2.194721e-01  1.836424e-02 
 3.880000e+00 -2.198209e-01  2.802805e-02 
 3.890000e+00 -2.187491e-01  3.632094e-02 
 3.900000e+00 -2.163263e-01  4.337372e-02 
 3.910000e+00 -2.126103e-01  4.931530e-02 
 3.920000e+00 -2.076553e-01  5.426778e-02 
 3.930000e+00 -2.015183e-01  5.834272e-02 
 3.940000e+00 -1.942652e-01  6.163850e-02 
 3.950000e+00 -1.859747e-01  6.423903e-02 
 3.960000e+00 -1.767407e-01  6.621346e-02 
 3.970000e+00 -1.666733e-01  6.761690e-02 
 3.980000e+00 -1.558982e-01  6.849193e-02 
 3.990000e+00 -1.445544e-01  6.887075e-02 
 4.000000e+00 -1.327913e-01  6.877765e-02 
 4.010000e+00 -1.207645e-01  6.823169e-02 
 4.020000e+00 -1.086314e-01  6.724939e-02 
 4.030000e+00 -9.654662e-02  6.584710e-02 
 4.040000e+00 -8.465721e-02  6.404321e-02 
 4.050000e+00 -7.309876e-02  6.185973e-02 
 4.060000e+00 -6.199165e-02  5.932351e-02 
 4.070000e+00 -5.143833e-02  5.646682e-02 
 4.080000e+00 -4.152141e-02  5.332745e-02 
 4.090000e+00 -3.230268e-02  4.994827e-02 
 4.100000e+00 -2.382307e-02  4.637647e-02 
 4.110000e+00 -1.610342e-02  4.266233e-02 
 4.120000e+00 -9.146084e-03  3.885789e-02 
 4.130000e+00 -2.937055e-03  3.501537e-02 
 4.140000e+00  2.551404e-03  3.118564e-02 
 4.150000e+00  7.357866e-03  2.741677e-02 
 4.160000e+00  1.152874e-02  2.375263e-02 
 4.170000e+00  1.511529e-02  2.023189e-02 
 4.180000e+00  1.817091e-02  1.688710e-02 
 4.190000e+00  2.074867e-02  1.374418e-02 
 4.200000e+00  2.289922e-02  1.082221e-02 
 4.210000e+00  2.466925e-02  8.133473e-03 
 4.220000e+00  2.610036e-02  5.683822e-03 
 4.230000e+00  2.722844e-02  3.473229e-03 
 4.240000e+00  2.808350e-02  1.496555e-03 
 4.250000e+00  2.868987e-02 -2.555614e-04 
 4.260000e+00  2.906678e-02 -1.795740e-03 
 4.270000e+00  2.922916e-02 -3.138879e-03 
 4.280000e+00  2.918862e-02 -4.301207e-03 
 4.290000e+00  2.895451e-02 -5.299408e-03 
 4.300000e+00  2.853494e-02 -6.149863e-03 
 4.310000e+00  2.793782e-02 -6.868028e-03 
 4.320000e+00  2.717170e-02 -7.467966e-03 
 4.330000e+00  2.624642e-02 -7.962039e-03 
 4.340000e+00  2.517366e-02 -8.360754e-03 
 4.350000e+00  2.396715e-02 -8.672750e-03 
 4.360000e+00  2.264278e-02 -8.904915e-03 
 4.370000e+00  2.121841e-02 -9.062595e-03 
 4.380000e+00  1.971361e-02 -9.149881e-03 
 4.390000e+00  1.814918e-02 -9.169939e-03 
 4.400000e+00  1.654659e-02 -9.125358e-03 
 4.410000e+00  1.492742e-02 -9.018489e-03 
 4.420000e+00  1.331270e-02 -8.851756e-03 
 4.430000e+00  1.172234e-02 -8.627915e-03 
 4.440000e+00  1.017458e-02 -8.350257e-03 
 4.450000e+00  8.685530e-03 -8.022740e-03 
 4.460000e+00  7.268860e-03 -7.650054e-03 
 4.470000e+00  5.935534e-03 -7.237610e-03 
 4.480000e+00  4.693728e-03 -6.791476e-03 
 4.490000e+00  3.548841e-03 -6.318253e-03 
 4.500000e+00  2.503619e-03 -5.824914e-03 
 4.510000e+00  1.558386e-03 -5.318610e-03 
 4.520000e+00  7.113336e-04 -4.806472e-03 
 4.530000e+00 -4.111952e-05 -4.295401e-03 
 4.540000e+00 -7.039421e-04 -3.791879e-03 
 4.550000e+00 -1.283094e-03 -3.301798e-03 
 4.560000e+00 -1.785139e-03 -2.830321e-03 
 4.570000e+00 -2.216890e-03 -2.381779e-03 
 4.580000e+00 -2.585091e-03 -1.959609e-03 
 4.590000e+00 -2.896162e-03 -1.566331e-03 
 4.600000e+00 -3.155998e-03 -1.203566e-03 
 4.610000e+00 -3.369834e-03 -8.720862e-04 
 4.620000e+00 -3.542175e-03 -5.718955e-04 
 4.630000e+00 -3.676781e-03 -3.023353e-04 
 4.640000e+00 -3.776706e-03 -6.220293e-05 
 4.650000e+00 -3.844371e-03  1.501201e-04 
 4.660000e+00 -3.881682e-03  3.365391e-04 
 4.670000e+00 -3.890149e-03  4.991226e-04 
 4.680000e+00 -3.871033e-03  6.399898e-04 
 4.690000e+00 -3.825472e-03  7.612137e-04 
 4.700000e+00 -3.754616e-03  8.647429e-04 
 4.710000e+00 -3.659723e-03  9.523436e-04 
 4.720000e+00 -3.542250e-03  1.025563e-03 
 4.730000e+00 -3.403907e-03  1.085711e-03 
 4.740000e+00 -3.246683e-03  1.133865e-03 
 4.750000e+00 -3.072849e-03  1.170882e-03 
 4.760000e+00 -2.884932e-03  1.197433e-03 
 4.770000e+00 -2.685671e-03  1.214038e-03 
 4.780000e+00 -2.477951e-03  1.221111e-03 
 4.790000e+00 -2.264727e-03  1.219005e-03 
 4.800000e+00 -2.048950e-03  1.208053e-03 
 4.810000e+00 -1.833476e-03  1.188611e-03 
 4.820000e+00 -1.620994e-03  1.161088e-03 
 4.830000e+00 -1.413957e-03  1.125968e-03 
 4.840000e+00 -1.214523e-03  1.083828e-03 
 4.850000e+00 -1.024513e-03  1.035344e-03 
 4.860000e+00 -8.453836e-04  9.812861e-04 
 4.870000e+00 -6.782187e-04  9.225069e-04 
 4.880000e+00 -5.237329e-04  8.599264e-04 
 4.890000e+00 -3.822915e-04  7.945077e-04 
 4.900000e+00 -2.539416e-04  7.272316e-04 
 4.910000e+00 -1.384539e-04  6.590694e-04 
 4.920000e+00 -3.536972e-05  5.909559e-04 
 4.930000e+00  5.594697e-05  5.237644e-04 
 4.940000e+00  1.362577e-04  4.582850e-04 
 4.950000e+00  2.063989e-04  3.952072e-04 
 4.960000e+00  2.672359e-04  3.351075e-04 
 4.970000e+00  3.196229e-04  2.784418e-04 
 4.980000e+00  3.643699e-04  2.255437e-04 
 4.990000e+00  4.022182e-04  1.766278e-04 
 5.000000e+00  4.338245e-04  1.317971e-04 
 5.010000e+00  4.597520e-04  9.105429e-05 
 5.020000e+00  4.804707e-04  5.431618e-05 
 5.030000e+00  4.963624e-04  2.142952e-05 
 5.040000e+00  5.077322e-04 -7.811959e-06 
 5.050000e+00  5.148226e-04 -3.365058e-05 
 5.060000e+00  5.178314e-04 -5.634872e-05 
 5.070000e+00  5.169284e-04 -7.617432e-05 
 5.080000e+00  5.122736e-04 -9.338856e-05 
 5.090000e+00  5.040325e-04 -1.082360e-04 
 5.100000e+00  4.923893e-04 -1.209375e-04 
 5.110000e+00  4.775568e-04 -1.316858e-04 
 5.120000e+00  4.597828e-04 -1.406438e-04 
 5.130000e+00  4.393531e-04 -1.479450e-04 
 5.140000e+00  4.165902e-04 -1.536960e-04 
 5.150000e+00  3.918497e-04 -1.579806e-04 
 5.160000e+00  3.655129e-04 -1.608652e-04 
 5.170000e+00  3.379789e-04 -1.624040e-04 
 5.180000e+00  3.096534e-04 -1.626450e-04 
 5.190000e+00  2.809386e-04 -1.616358e-04 
 5.200000e+00  2.522221e-04 -1.594278e-04 
 5.210000e+00  2.238668e-04 -1.560810e-04 
 5.220000e+00  1.962020e-04 -1.516660e-04 
 5.230000e+00  1.695165e-04 -1.462662e-04 
 5.240000e+00  1.440532e-04 -1.399782e-04 
 5.250000e+00  1.200057e-04 -1.329106e-04 
 5.260000e+00  9.751806e-05 -1.251831e-04 
 5.270000e+00  7.668511e-05 -1.169231e-04 
 5.280000e+00  5.755579e-05 -1.082634e-04 
 5.290000e+00  4.013744e-05 -9.933801e-05 
 5.300000e+00  2.440145e-05 -9.027909e-05 
 5.310000e+00  1.028963e-05 -8.121303e-05 
 5.320000e+00 -2.278903e-06 -7.225736e-05 
 5.330000e+00 -1.340089e-05 -6.351798e-05 
 5.340000e+00 -2.318239e-05 -5.508696e-05 
 5.350000e+00 -3.173281e-05 -4.704102e-05 
 5.360000e+00 -3.915982e-05 -3.944070e-05 
 5.370000e+00 -4.556519e-05 -3.233028e-05 
 5.380000e+00 -5.104177e-05 -2.573826e-05 
 5.390000e+00 -5.567153e-05 -1.967852e-05 
 5.400000e+00 -5.952466e-05 -1.415186e-05 
 5.410000e+00 -6.265965e-05 -9.147928e-06 
 5.420000e+00 -6.512415e-05 -4.647383e-06 
 5.430000e+00 -6.695648e-05 -6.241268e-07 
 5.440000e+00 -6.818762e-05  2.952482e-06 
 5.450000e+00 -6.884341e-05  6.115543e-06 
 5.460000e+00 -6.894686e-05  8.898760e-06 
 5.470000e+00 -6.852037e-05  1.133487e-05 
 5.480000e+00 -6.758766e-05  1.345443e-05 
 5.490000e+00 -6.617544e-05  1.528492e-05 
 5.500000e+00 -6.431449e-05  1.685023e-05 
 5.510000e+00 -6.204048e-05  1.817051e-05 
 5.520000e+00 -5.939413e-05  1.926223e-05 
 5.530000e+00 -5.642098e-05  2.013863e-05 
 5.540000e+00 -5.317077e-05  2.081016e-05 
 5.550000e+00 -4.969649e-05  2.128528e-05 
 5.560000e+00 -4.605309e-05  2.157110e-05 
 5.570000e+00 -4.229614e-05  2.167419e-05 
 5.580000e+00 -3.848038e-05  2.160127e-05 
 5.590000e+00 -3.465830e-05  2.135979e-05 
 5.600000e+00 -3.087881e-05  2.095842e-05 
 5.610000e+00 -2.718613e-05  2.040738e-05 
 5.620000e+00 -2.361887e-05  1.971863e-05 
 5.630000e+00 -2.020943e-05  1.890584e-05 
 5.640000e+00 -1.698361e-05  1.798431e-05 
 5.650000e+00 -1.396053e-05  1.697070e-05 
 5.660000e+00 -1.115285e-05  1.588265e-05 
 5.670000e+00 -8.567183e-06  1.473837e-05 
 5.680000e+00 -6.204702e-06  1.355617e-05 
 5.690000e+00 -4.061911e-06  1.235398e-05 
 5.700000e+00 -2.131506e-06  1.114886e-05 
 5.710000e+00 -4.032792e-07  9.956623e-06 
 5.720000e+00  1.134986e-06  8.791447e-06 
 5.730000e+00  2.496661e-06  7.665624e-06 
 5.740000e+00  3.695508e-06  6.589370e-06 
 5.750000e+00  4.745030e-06  5.570734e-06 
 5.760000e+00  5.657952e-06  4.615602e-06 
 5.770000e+00  6.445845e-06  3.727779e-06 
 5.780000e+00  7.118896e-06  2.909150e-06 
 5.790000e+00  7.685811e-06  2.159898e-06 
 5.800000e+00  8.153842e-06  1.478763e-06 
 5.810000e+00  8.528914e-06  8.633288e-07 
 5.820000e+00  8.815837e-06  3.103188e-07 
 5.830000e+00  9.018563e-06 -1.841157e-07 
 5.840000e+00  9.140480e-06 -6.241254e-07 
 5.850000e+00  9.184709e-06 -1.013926e-06 
 5.860000e+00  9.154379e-06 -1.357598e-06 
 5.870000e+00  9.052877e-06 -1.658936e-06 
 5.880000e+00  8.884040e-06 -1.921341e-06 
 5.890000e+00  8.652291e-06 -2.147761e-06 
 5.900000e+00  8.362722e-06 -2.340671e-06 
 5.910000e+00  8.021098e-06 -2.502098e-06 
 5.920000e+00  7.633818e-06 -2.633673e-06 
 5.930000e+00  7.207814e-06 -2.736702e-06 
 5.940000e+00  6.750414e-06 -2.812259e-06 
 5.950000e+00  6.269169e-06 -2.861284e-06 
 5.960000e+00  5.771671e-06 -2.884675e-06 
 5.970000e+00  5.265357e-06 -2.883379e-06 
 5.980000e+00  4.757324e-06 -2.858463e-06 
 5.990000e+00  4.254158e-06 -2.811175e-06 
 6.000000e+00  3.761791e-06 -2.742983e-06 
 6.010000e+00  3.285389e-06 -2.655584e-06 
 6.020000e+00  2.829271e-06 -2.550910e-06 
 6.030000e+00  2.396876e-06 -2.431100e-06 
 6.040000e+00  1.990751e-06 -2.298467e-06 
 6.050000e+00  1.612592e-06 -2.155442e-06 
 6.060000e+00  1.263298e-06 -2.004520e-06 
 6.070000e+00  9.430592e-07 -1.848194e-06 
 6.080000e+00  6.514597e-07 -1.688891e-06 
 6.090000e+00  3.875935e-07 -1.528914e-06 
 6.100000e+00  1.501829e-07 -1.370387e-06 
 6.110000e+00 -6.230368e-08 -1.215207e-06 
 6.120000e+00 -2.515418e-07 -1.065017e-06 
 6.130000e+00 -4.192523e-07 -9.211759e-07 
 6.140000e+00 -5.671193e-07 -7.847556e-07 
 6.150000e+00 -6.967250e-07 -6.565400e-07 
 6.160000e+00 -8.095038e-07 -5.370393e-07 
 6.170000e+00 -9.067148e-07 -4.265120e-07 
 6.180000e+00 -9.894322e-07 -3.249950e-07 
 6.190000e+00 -1.058551e-06 -2.323386e-07 
 6.200000e+00 -1.114806e-06 -1.482447e-07 
 6.210000e+00 -1.158798e-06 -7.230546e-08 
 6.220000e+00 -1.191034e-06 -4.041238e-09 
 6.230000e+00 -1.211957e-06  5.706496e-08 
 6.240000e+00 -1.221991e-06  1.115369e-07 
 6.250000e+00 -1.221572e-06  1.598802e-07 
 6.260000e+00 -1.211182e-06  2.025632e-07 
 6.270000e+00 -1.191369e-06  2.400039e-07 
 6.280000e+00 -1.162763e-06  2.725635e-07 
 6.290000e+00 -1.126086e-06  3.005446e-07 
 6.300000e+00 -1.082152e-06  3.241950e-07 
 6.310000e+00 -1.031853e-06  3.437147e-07 
 6.320000e+00 -9.761525e-07  3.592665e-07 
 6.330000e+00 -9.160607e-07  3.709872e-07 
 6.340000e+00 -8.526127e-07  3.790008e-07 
 6.350000e+00 -7.868431e-07  3.834302e-07 
 6.360000e+00 -7.197607e-07  3.844084e-07 
 6.370000e+00 -6.523237e-07  3.820878e-07 
 6.380000e+00 -5.854183e-07  3.766466e-07 
 6.390000e+00 -5.198397e-07  3.682934e-07 
 6.400000e+00 -4.562786e-07  3.572687e-07 
 6.410000e+00 -3.953117e-07  3.438433e-07 
 6.420000e+00 -3.373971e-07  3.283154e-07 
 6.430000e+00 -2.828755e-07  3.110047e-07 
 6.440000e+00 -2.319743e-07  2.922452e-07 
 6.450000e+00 -1.848168e-07  2.723779e-07 
 6.460000e+00 -1.414339e-07  2.517416e-07 
 6.470000e+00 -1.017779e-07  2.306646e-07 
 6.480000e+00 -6.573782e-08  2.094572e-07 
 6.490000e+00 -3.315541e-08  1.884043e-07 
 6.500000e+00 -3.840110e-09  1.677600e-07 
 6.510000e+00  2.241652e-08  1.477433e-07 
 6.520000e+00  4.582829e-08  1.285355e-07 
 6.530000e+00  6.660386e-08  1.102794e-07 
 6.540000e+00  8.493875e-08  9.307963e-08 
 6.550000e+00  1.010096e-07  7.700485e-08 
 6.560000e+00  1.149712e-07  6.209079e-08 
 6.570000e+00  1.269552e-07  4.834437e-08 
 6.580000e+00  1.370715e-07  3.574839e-08 
 6.590000e+00  1.454108e-07  2.426659e-08 
 6.600000e+00  1.520483e-07  1.384875e-08 
 6.610000e+00  1.570484e-07  4.435582e-09 
 6.620000e+00  1.604697e-07 -4.036790e-09 
 6.630000e+00  1.623697e-07 -1.163297e-08 
 6.640000e+00  1.628091e-07 -1.841513e-08 
 6.650000e+00  1.618558e-07 -2.444064e-08 
 6.660000e+00  1.595878e-07 -2.976053e-08 
 6.670000e+00  1.560944e-07 -3.441872e-08 
 6.680000e+00  1.514774e-07 -3.845191e-08 
 6.690000e+00  1.458508e-07 -4.189019e-08 
 6.700000e+00  1.393389e-07 -4.475800e-08 
 6.710000e+00  1.320749e-07 -4.707552e-08 
 6.720000e+00  1.241977e-07 -4.886022e-08 
 6.730000e+00  1.158488e-07 -5.012846e-08 
 6.740000e+00  1.071690e-07 -5.089708e-08 
 6.750000e+00  9.829474e-08 -5.118470e-08 
 6.760000e+00  8.935540e-08 -5.101293e-08 
 6.770000e+00  8.047004e-08 -5.040708e-08 
 6.780000e+00  7.174525e-08 -4.939666e-08 
 6.790000e+00  6.327334e-08 -4.801549e-08 
 6.800000e+00  5.513132e-08 -4.630140e-08 
 6.810000e+00  4.738036e-08 -4.429576e-08 
 6.820000e+00  4.006602e-08 -4.204262e-08 
 6.830000e+00  3.321897e-08 -3.958780e-08 
 6.840000e+00  2.685621e-08 -3.697773e-08 
 6.850000e+00  2.098272e-08 -3.425839e-08 
 6.860000e+00  1.559330e-08 -3.147414e-08 
 6.870000e+00  1.067462e-08 -2.866671e-08 
 6.880000e+00  6.207255e-09 -2.587432e-08 
 6.890000e+00  2.167735e-09 -2.313095e-08 
 6.900000e+00 -1.469666e-09 -2.046585e-08 
 6.910000e+00 -4.731302e-09 -1.790318e-08 
 6.920000e+00 -7.642846e-09 -1.546199e-08 
 6.930000e+00 -1.022828e-08 -1.315628e-08 
 6.940000e+00 -1.250920e-08 -1.099534e-08 
 6.950000e+00 -1.450448e-08 -8.984117e-09 
 6.960000e+00 -1.623017e-08 -7.123858e-09 
 6.970000e+00 -1.769968e-08 -5.412673e-09 
 6.980000e+00 -1.892414e-08 -3.846233e-09 
 6.990000e+00 -1.991293e-08 -2.418428e-09 
 7.000000e+00 -2.067428e-08 -1.122005e-09 
 7.010000e+00 -2.121588e-08  5.085820e-11 
 7.020000e+00 -2.154555e-08  1.108060e-09 
 7.030000e+00 -2.167174e-08  2.057180e-09 
 7.040000e+00 -2.160399e-08  2.905186e-09 
 7.050000e+00 -2.135330e-08  3.658252e-09 
 7.060000e+00 -2.093228e-08  4.321669e-09 
 7.070000e+00 -2.035522e-08  4.899854e-09 
 7.080000e+00 -1.963799e-08  5.396427e-09 
 7.090000e+00 -1.879787e-08  5.814358e-09 
 7.100000e+00 -1.785320e-08  6.156141e-09 
 7.110000e+00 -1.682302e-08  6.424005e-09 
 7.120000e+00 -1.572664e-08  6.620115e-09 
 7.130000e+00 -1.458316e-08  6.746771e-09 
 7.140000e+00 -1.341106e-08  6.806578e-09 
 7.150000e+00 -1.222775e-08  6.802581e-09 
 7.160000e+00 -1.104922e-08  6.738356e-09 
 7.170000e+00 -9.889744e-09  6.618055e-09 
 7.180000e+00 -8.761673e-09  6.446410e-09 
 7.190000e+00 -7.675287e-09  6.228684e-09 
 7.200000e+00 -6.638761e-09  5.970594e-09 
 7.210000e+00 -5.658203e-09  5.678196e-09 
 7.220000e+00 -4.737761e-09  5.357750e-09 
 7.230000e+00 -3.879796e-09  5.015576e-09 
 7.240000e+00 -3.085102e-09  4.657896e-09 
 7.250000e+00 -2.353156e-09  4.290696e-09 
 7.260000e+00 -1.682388e-09  3.919585e-09 
 7.270000e+00 -1.070453e-09  3.549686e-09 
 7.280000e+00 -5.144879e-10  3.185542e-09 
 7.290000e+00 -1.134835e-11  2.831055e-09 
 7.300000e+00  4.421859e-10  2.489452e-09 
 7.310000e+00  8.492454e-10  2.163275e-09 
 7.320000e+00  1.212746e-09  1.854402e-09 
 7.330000e+00  1.535308e-09  1.564092e-09 
 7.340000e+00  1.819212e-09  1.293039e-09 
 7.350000e+00  2.066398e-09  1.041455e-09 
 7.360000e+00  2.278490e-09  8.091474e-10 
 7.370000e+00  2.456847e-09  5.956109e-10 
 7.380000e+00  2.602636e-09  4.001135e-10 
 7.390000e+00  2.716905e-09  2.217786e-10 
 7.400000e+00  2.800671e-09  5.965882e-11 
 7.410000e+00  2.854992e-09 -8.720162e-11 
 7.420000e+00  2.881040e-09 -2.197173e-10 
 7.430000e+00  2.880154e-09 -3.387259e-10 
 7.440000e+00  2.853878e-09 -4.449663e-10 
 7.450000e+00  2.803981e-09 -5.390694e-10 
 7.460000e+00  2.732459e-09 -6.215604e-10 
 7.470000e+00  2.641517e-09 -6.928714e-10 
 7.480000e+00  2.533543e-09 -7.533600e-10 
 7.490000e+00  2.411058e-09 -8.033337e-10 
 7.500000e+00  2.276666e-09 -8.430765e-10 
 7.510000e+00  2.132995e-09 -8.728751e-10 
 7.520000e+00  1.982634e-09 -8.930439e-10 
 7.530000e+00  1.828077e-09 -9.039457e-10 
 7.540000e+00  1.671667e-09 -9.060079e-10 
 7.550000e+00  1.515552e-09 -8.997328e-10 
 7.560000e+00  1.361641e-09 -8.857019e-10 
 7.570000e+00  1.211586e-09 -8.645744e-10 
 7.580000e+00  1.066761e-09 -8.370795e-10 
 7.590000e+00  9.282592e-10 -8.040049e-10 
 7.600000e+00  7.969009e-10 -7.661804e-10 
 7.610000e+00  6.732492e-10 -7.244599e-10 
 7.620000e+00  5.576334e-10 -6.797010e-10 
 7.630000e+00  4.501789e-10 -6.327453e-10 
 7.640000e+00  3.508409e-10 -5.843989e-10 
 7.650000e+00  2.594401e-10 -5.354152e-10 
 7.660000e+00  1.756975e-10 -4.864801e-10 
 7.670000e+00  9.926870e-11 -4.382011e-10 
 7.680000e+00  2.977376e-11 -3.910990e-10 
 7.690000e+00 -3.317661e-11 -3.456045e-10 
 7.700000e+00 -8.996026e-11 -3.020576e-10 
 7.710000e+00 -1.409282e-10 -2.607109e-10 
 7.720000e+00 -1.863947e-10 -2.217352e-10 
 7.730000e+00 -2.266330e-10 -1.852287e-10 
 7.740000e+00 -2.618750e-10 -1.512260e-10 
 7.750000e+00 -2.923157e-10 -1.197104e-10 
 7.760000e+00 -3.181201e-10 -9.062455e-11 
 7.770000e+00 -3.394324e-10 -6.388248e-11 
 7.780000e+00 -3.563867e-10 -3.937980e-11 
 7.790000e+00 -3.691167e-10 -1.700327e-11 
 7.800000e+00 -3.777662e-10  3.361325e-12 
 7.810000e+00 -3.824973e-10  2.182297e-11 
 7.820000e+00 -3.834968e-10  3.848108e-11 
 7.830000e+00 -3.809805e-10  5.342294e-11 
 7.840000e+00 -3.751957e-10  6.672275e-11 
 7.850000e+00 -3.664198e-10  7.844219e-11 
 7.860000e+00 -3.549583e-10  8.863215e-11 
 7.870000e+00 -3.411400e-10  9.733534e-11 
 7.880000e+00 -3.253104e-10  1.045895e-10 
 7.890000e+00 -3.078247e-10  1.104307e-10 
 7.900000e+00 -2.890400e-10  1.148971e-10 
 7.910000e+00 -2.693066e-10  1.180315e-10 
 7.920000e+00 -2.489608e-10  1.198843e-10 
 7.930000e+00 -2.283177e-10  1.205152e-10 
 7.940000e+00 -2.076650e-10  1.199945e-10 
 7.950000e+00 -1.872586e-10  1.184031e-10 
 7.960000e+00 -1.673192e-10  1.158327e-10 
 7.970000e+00 -1.480304e-10  1.123839e-10 
 7.980000e+00 -1.295387e-10  1.081647e-10 
 7.990000e+00 -1.119546e-10  1.032888e-10 
 8.000000e+00 -9.535459e-11  9.787223e-11 
 8.010000e+00 -7.978483e-11  9.203122e-11 
 8.020000e+00 -6.526494e-11  8.587937e-11 
 8.030000e+00 -5.179256e-11  7.952515e-11 
 8.040000e+00 -3.934798e-11  7.306963e-11 
 8.050000e+00 -2.789877e-11  6.660463e-11 
 8.060000e+00 -1.740415e-11  6.021132e-11 
 8.070000e+00 -7.818867e-12  5.395924e-11 
 8.080000e+00  9.035487e-13  4.790592e-11 
 8.090000e+00  8.808124e-12  4.209688e-11 
 8.100000e+00  1.593658e-11  3.656613e-11 
 8.110000e+00  2.232616e-11  3.133702e-11 
 8.120000e+00  2.800914e-11  2.642335e-11 
 8.130000e+00  3.301294e-11  2.183080e-11 
 8.140000e+00  3.736071e-11  1.755834e-11 
 8.150000e+00  4.107232e-11  1.359977e-11 
 8.160000e+00  4.416555e-11  9.945241e-12 
 8.170000e+00  4.665748e-11  6.582547e-12 
 8.180000e+00  4.856575e-11  3.498381e-12 
 8.190000e+00  4.990985e-11  6.793094e-13 
 8.200000e+00  5.071214e-11 -1.887455e-12 
 8.210000e+00  5.099858e-11 -4.213524e-12 
 8.220000e+00  5.079927e-11 -6.309038e-12 
 8.230000e+00  5.014855e-11 -8.182576e-12 
 8.240000e+00  4.908491e-11 -9.841257e-12 
 8.250000e+00  4.765047e-11 -1.129098e-11 
 8.260000e+00  4.589037e-11 -1.253680e-11 
 8.270000e+00  4.385185e-11 -1.358331e-11 
 8.280000e+00  4.158328e-11 -1.443511e-11 
 8.290000e+00  3.913305e-11 -1.509723e-11 
 8.300000e+00  3.654851e-11 -1.557553e-11 
 8.310000e+00  3.387494e-11 -1.587698e-11 
 8.320000e+00  3.115466e-11 -1.600988e-11 
 8.330000e+00  2.842623e-11 -1.598403e-11 
 8.340000e+00  2.572389e-11 -1.581066e-11 
 8.350000e+00  2.307714e-11 -1.550244e-11 
 8.360000e+00  2.051054e-11 -1.507320e-11 
 8.370000e+00  1.804375e-11 -1.453778e-11 
 8.380000e+00  1.569164e-11 -1.391162e-11 
 8.390000e+00  1.346467e-11 -1.321051e-11 
 8.400000e+00  1.136932e-11 -1.245017e-11 
 8.410000e+00  9.408632e-12 -1.164590e-11 
 8.420000e+00  7.582798e-12 -1.081229e-11 
 8.430000e+00  5.889789e-12 -9.962888e-12 
 8.440000e+00  4.325944e-12 -9.109968e-12 
 8.450000e+00  2.886536e-12 -8.264377e-12 
 8.460000e+00  1.566266e-12 -7.435404e-12 
 8.470000e+00  3.596789e-13 -6.630737e-12 
 8.480000e+00 -7.385065e-13 -5.856478e-12 
 8.490000e+00 -1.733172e-12 -5.117217e-12 
 8.500000e+00 -2.628661e-12 -4.416149e-12 
 8.510000e+00 -3.428727e-12 -3.755230e-12 
 8.520000e+00 -4.136560e-12 -3.135360e-12 
 8.530000e+00 -4.754872e-12 -2.556579e-12 
 8.540000e+00 -5.286032e-12 -2.018263e-12 
 8.550000e+00 -5.732221e-12 -1.519318e-12 
 8.560000e+00 -6.095612e-12 -1.058356e-12 
 8.570000e+00 -6.378533e-12 -6.338444e-13 
 8.580000e+00 -6.583622e-12 -2.442363e-13 
 8.590000e+00 -6.713954e-12  1.119392e-13 
 8.600000e+00 -6.773129e-12  4.360104e-13 
 8.610000e+00 -6.765321e-12  7.291298e-13 
 8.620000e+00 -6.695289e-12  9.922671e-13 
 8.630000e+00 -6.568345e-12  1.226225e-12 
 8.640000e+00 -6.390284e-12  1.431676e-12 
 8.650000e+00 -6.167285e-12  1.609205e-12 
 8.660000e+00 -5.905794e-12  1.759371e-12 
 8.670000e+00 -5.612377e-12  1.882758e-12 
 8.680000e+00 -5.293585e-12  1.980033e-12 
 8.690000e+00 -4.955807e-12  2.051991e-12 
 8.700000e+00 -4.605133e-12  2.099595e-12 
 8.710000e+00 -4.247241e-12  2.123997e-12 
 8.720000e+00 -3.887297e-12  2.126554e-12 
 8.730000e+00 -3.529880e-12  2.108821e-12 
 8.740000e+00 -3.178935e-12  2.072540e-12 
 8.750000e+00 -2.837749e-12  2.019613e-12 
 8.760000e+00 -2.508960e-12  1.952062e-12 
 8.770000e+00 -2.194578e-12  1.871992e-12 
 8.780000e+00 -1.896033e-12  1.781540e-12 
 8.790000e+00 -1.614237e-12  1.682829e-12 
 8.800000e+00 -1.349658e-12  1.577920e-12 
 8.810000e+00 -1.102395e-12  1.468769e-12 
 8.820000e+00 -8.722596e-13  1.357192e-12 
 8.830000e+00 -6.588560e-13  1.244831e-12 
 8.840000e+00 -4.616515e-13  1.133133e-12 
 8.850000e+00 -2.800399e-13  1.023340e-12 
 8.860000e+00 -1.133945e-13  9.164804e-13 
 8.870000e+00  3.889194e-14  8.133723e-13 
 8.880000e+00  1.773790e-13  7.146366e-13 
 8.890000e+00  3.025626e-13  6.207117e-13 
 8.900000e+00  4.148702e-13  5.318752e-13 
 8.910000e+00  5.146657e-13  4.482680e-13 
 8.920000e+00  6.022612e-13  3.699199e-13 
 8.930000e+00  6.779355e-13  2.967762e-13 
 8.940000e+00  7.419547e-13  2.287215e-13 
 8.950000e+00  7.945946e-13  1.656032e-13 
 8.960000e+00  8.361621e-13  1.072501e-13 
 8.970000e+00  8.670142e-13  5.348873e-14 
 8.980000e+00  8.875725e-13  4.154435e-15 
 8.990000e+00  8.983343e-13 -4.090045e-14 
 9.000000e+00  8.998766e-13 -8.180305e-14 
 9.010000e+00  8.928565e-13 -1.186596e-13 
 9.020000e+00  8.780048e-13 -1.515578e-13 
 9.030000e+00  8.561160e-13 -1.805719e-13 
 9.040000e+00  8.280344e-13 -2.057689e-13 
 9.050000e+00  7.946365e-13 -2.272158e-13 
 9.060000e+00  7.568129e-13 -2.449868e-13 
 9.070000e+00  7.154486e-13 -2.591699e-13 
 9.080000e+00  6.714041e-13 -2.698734e-13 
 9.090000e+00  6.254980e-13 -2.772295e-13 
 9.100000e+00  5.784915e-13 -2.813974e-13 
 9.110000e+00  5.310760e-13 -2.825646e-13 
 9.120000e+00  4.838639e-13 -2.809454e-13 
 9.130000e+00  4.373827e-13 -2.767791e-13 
 9.140000e+00  3.920728e-13 -2.703256e-13 
 9.150000e+00  3.482884e-13 -2.618606e-13 
 9.160000e+00  3.063014e-13 -2.516698e-13 
 9.170000e+00  2.663081e-13 -2.400422e-13 
 9.180000e+00  2.284372e-13 -2.272640e-13 
 9.190000e+00  1.927597e-13 -2.136122e-13 
 9.200000e+00  1.592990e-13 -1.993494e-13 
 9.210000e+00  1.280419e-13 -1.847183e-13 
 9.220000e+00  9.894810e-14 -1.699385e-13 
 9.230000e+00  7.196001e-14 -1.552033e-13 
 9.240000e+00  4.701050e-14 -1.406786e-13 
 9.250000e+00  2.402953e-14 -1.265018e-13 
 9.260000e+00  2.949217e-15 -1.127831e-13 
 9.270000e+00 -1.629281e-14 -9.960650e-14 
 9.280000e+00 -3.375160e-14 -8.703231e-14 
 9.290000e+00 -4.947446e-14 -7.509995e-14 
 9.300000e+00 -6.350175e-14 -6.383117e-14 
 9.310000e+00 -7.586857e-14 -5.323344e-14 
 9.320000e+00 -8.660721e-14 -4.330334e-14 
 9.330000e+00 -9.574988e-14 -3.402974e-14 
 9.340000e+00 -1.033315e-13 -2.539669e-14 
 9.350000e+00 -1.093926e-13 -1.738588e-14 
 9.360000e+00 -1.139812e-13 -9.978570e-15 
 9.370000e+00 -1.171551e-13 -3.157064e-15 
 9.380000e+00 -1.189828e-13  3.094410e-15 
 9.390000e+00 -1.195437e-13  8.789271e-15 
 9.400000e+00 -1.189282e-13  1.393862e-14 
 9.410000e+00 -1.172367e-13  1.855161e-14 
 9.420000e+00 -1.145776e-13  2.263612e-14 
 9.430000e+00 -1.110661e-13  2.619961e-14 
 9.440000e+00 -1.068212e-13  2.925003e-14 
 9.450000e+00 -1.019633e-13  3.179677e-14 
 9.460000e+00 -9.661181e-14  3.385147e-14 
 9.470000e+00 -9.088258e-14  3.542878e-14 
 9.480000e+00 -8.488543e-14  3.654685e-14 
 9.490000e+00 -7.872235e-14  3.722760e-14 
 9.500000e+00 -7.248584e-14  3.749682e-14 
 9.510000e+00 -6.625777e-14  3.738397e-14 
 9.520000e+00 -6.010870e-14  3.692178e-14 
 9.530000e+00 -5.409762e-14  3.614572e-14 
 9.540000e+00 -4.827218e-14  3.509327e-14 
 9.550000e+00 -4.266924e-14  3.380312e-14 
 9.560000e+00 -3.731575e-14  3.231428e-14 
 9.570000e+00 -3.222990e-14  3.066530e-14 
 9.580000e+00 -2.742239e-14  2.889337e-14 
 9.590000e+00 -2.289780e-14  2.703364e-14 
 9.600000e+00 -1.865597e-14  2.511859e-14 
 9.610000e+00 -1.469328e-14  2.317755e-14 
 9.620000e+00 -1.100388e-14  2.123634e-14 
 9.630000e+00 -7.580670e-15  1.931711e-14 
 9.640000e+00 -4.416149e-15  1.743828e-14 
 9.650000e+00 -1.503020e-15  1.561466e-14 
 9.660000e+00  1.165401e-15  1.385765e-14 
 9.670000e+00  3.594977e-15  1.217556e-14 
 9.680000e+00  5.790727e-15  1.057400e-14 
 9.690000e+00  7.756954e-15  9.056277e-15 
 9.700000e+00  9.497478e-15  7.623883e-15 
 9.710000e+00  1.101596e-14  6.276898e-15 
 9.720000e+00  1.231626e-14  5.014417e-15 
 9.730000e+00  1.340279e-14  3.834918e-15 
 9.740000e+00  1.428088e-14  2.736564e-15 
 9.750000e+00  1.495701e-14  1.717454e-15 
 9.760000e+00  1.543906e-14  7.757952e-16 
 9.770000e+00  1.573642e-14 -8.999194e-17 
 9.780000e+00  1.586001e-14 -8.812275e-16 
 9.790000e+00  1.582222e-14 -1.598985e-15 
 9.800000e+00  1.563678e-14 -2.244149e-15 
 9.810000e+00  1.531849e-14 -2.817506e-15 
 9.820000e+00  1.488298e-14 -3.319852e-15 
 9.830000e+00  1.434639e-14 -3.752120e-15 
 9.840000e+00  1.372498e-14 -4.115492e-15 
 9.850000e+00  1.303484e-14 -4.411505e-15 
 9.860000e+00  1.229153e-14 -4.642141e-15 
 9.870000e+00  1.150977e-14 -4.809879e-15 
 9.880000e+00  1.070322e-14 -4.917728e-15 
 9.890000e+00  9.884245e-15 -4.969225e-15 
 9.900000e+00  9.063794e-15 -4.968403e-15 
 9.910000e+00  8.251302e-15 -4.919731e-15 
 9.920000e+00  7.454680e-15 -4.828036e-15 
 9.930000e+00  6.680340e-15 -4.698400e-15 
 9.940000e+00  5.933285e-15 -4.536052e-15 
 9.950000e+00  5.217225e-15 -4.346253e-15 
 9.960000e+00  4.534731e-15 -4.134181e-15 
 9.970000e+00  3.887404e-15 -3.904825e-15 
 9.980000e+00  3.276057e-15 -3.662891e-15 
 9.990000e+00  2.700891e-15 -3.412719e-15 
 1.000000e+01  2.161665e-15 -3.158224e-15 
 1.001000e+01  1.657847e-15 -2.902854e-15 
 1.002000e+01  1.188742e-15 -2.649569e-15 
 1.003000e+01  7.535970e-16 -2.400838e-15 
 1.004000e+01  3.516736e-16 -2.158655e-15 
 1.005000e+01 -1.770027e-17 -1.924569e-15 
 1.006000e+01 -3.551100e-16 -1.699729e-15 
 1.007000e+01 -6.610540e-16 -1.484928e-15 
 1.008000e+01 -9.359630e-16 -1.280670e-15 
 1.009000e+01 -1.180232e-15 -1.087219e-15 
 1.010000e+01 -1.394266e-15 -9.046613e-16 
 1.011000e+01 -1.578519e-15 -7.329548e-16 
 1.012000e+01 -1.733549e-15 -5.719784e-16 
 1.013000e+01 -1.860053e-15 -4.215696e-16 
 1.014000e+01 -1.958906e-15 -2.815549e-16 
 1.015000e+01 -2.031178e-15 -1.517709e-16 
 1.016000e+01 -2.078155e-15 -3.207703e-17 
 1.017000e+01 -2.101331e-15  7.764040e-17 
 1.018000e+01 -2.102401e-15  1.774708e-16 
 1.019000e+01 -2.083235e-15  2.674876e-16 
 1.020000e+01 -2.045849e-15  3.477604e-16 
 1.021000e+01 -1.992363e-15  4.183699e-16 
 1.022000e+01 -1.924957e-15  4.794229e-16 
 1.023000e+01 -1.845826e-15  5.310679e-16 
 1.024000e+01 -1.757132e-15  5.735074e-16 
 1.025000e+01 -1.660964e-15  6.070086e-16 
 1.026000e+01 -1.559294e-15  6.319093e-16 
 1.027000e+01 -1.453949e-15  6.486210e-16 
 1.028000e+01 -1.346583e-15  6.576275e-16 
 1.029000e+01 -1.238657e-15  6.594792e-16 
 1.030000e+01 -1.131435e-15  6.547847e-16 
 1.031000e+01 -1.025978e-15  6.441989e-16 
 1.032000e+01 -9.231489e-16  6.284096e-16 
 1.033000e+01 -8.236286e-16  6.081224e-16 
 1.034000e+01 -7.279281e-16  5.840451e-16 
 1.035000e+01 -6.364108e-16  5.568730e-16 
 1.036000e+01 -5.493150e-16  5.272742e-16 
 1.037000e+01 -4.667769e-16  4.958779e-16 
 1.038000e+01 -3.888544e-16  4.632638e-16 
 1.039000e+01 -3.155479e-16  4.299545e-16 
 1.040000e+01 -2.468203e-16  3.964102e-16 
 1.041000e+01 -1.826131e-16  3.630267e-16 
 1.042000e+01 -1.228590e-16  3.301351e-16 
 1.043000e+01 -6.749119e-17  2.980041e-16 
 1.044000e+01 -1.644917e-17  2.668446e-16 
 1.045000e+01  3.031895e-17  2.368150e-16 
 1.046000e+01  7.285696e-17  2.080285e-16 
 1.047000e+01  1.112034e-16  1.805602e-16 
 1.048000e+01  1.453958e-16  1.544548e-16 
 1.049000e+01  1.754768e-16  1.297340e-16 
 1.050000e+01  2.014994e-16  1.064029e-16 
 1.051000e+01  2.235335e-16  8.445652e-17 
 1.052000e+01  2.416705e-16  6.388430e-17 
 1.053000e+01  2.560276e-16  4.467380e-17 
 1.054000e+01  2.667503e-16  2.681340e-17 
 1.055000e+01  2.740138e-16  1.029365e-17 
 1.056000e+01  2.780220e-16 -4.892338e-18 
 1.057000e+01  2.790060e-16 -1.874935e-17 
 1.058000e+01  2.772204e-16 -3.128130e-17 
 1.059000e+01  2.729386e-16 -4.249281e-17 
 1.060000e+01  2.664473e-16 -5.239122e-17 
 1.061000e+01  2.580410e-16 -6.098849e-17 
 1.062000e+01  2.480151e-16 -6.830314e-17 
 1.063000e+01  2.366601e-16 -7.436179e-17 
 1.064000e+01  2.242557e-16 -7.920034e-17 
 1.065000e+01  2.110662e-16 -8.286472e-17 
 1.066000e+01  1.973356e-16 -8.541102e-17 
 1.067000e+01  1.832848e-16 -8.690519e-17 
 1.068000e+01  1.691093e-16 -8.742215e-17 
 1.069000e+01  1.549780e-16 -8.704451e-17 
 1.070000e+01  1.410333e-16 -8.586099e-17 
 1.071000e+01  1.273918e-16 -8.396446e-17 
 1.072000e+01  1.141459e-16 -8.144994e-17 
 1.073000e+01  1.013663e-16 -7.841255e-17 
 1.074000e+01  8.910414e-17 -7.494546e-17 
 1.075000e+01  7.739480e-17 -7.113808e-17 
 1.076000e+01  6.626028e-17 -6.707447e-17 
 1.077000e+01  5.571251e-17 -6.283199e-17 
 1.078000e+01  4.575605e-17 -5.848037e-17 
 1.079000e+01  3.639053e-17 -5.408107e-17 
 1.080000e+01  2.761274e-17 -4.968699e-17 
 1.081000e+01  1.941815e-17 -4.534255e-17 
 1.082000e+01  1.180211e-17 -4.108402e-17 
 1.083000e+01  4.760431e-18 -3.694011e-17 
 1.084000e+01 -1.710331e-18 -3.293276e-17 
 1.085000e+01 -7.613007e-18 -2.907802e-17 
 1.086000e+01 -1.295022e-17 -2.538706e-17 
 1.087000e+01 -1.772499e-17 -2.186713e-17 
 1.088000e+01 -2.194149e-17 -1.852250e-17 
 1.089000e+01 -2.560577e-17 -1.535535e-17 
 1.090000e+01 -2.872653e-17 -1.236651e-17 
 1.091000e+01 -3.131573e-17 -9.556053e-18 
 1.092000e+01 -3.338905e-17 -6.923766e-18 
 1.093000e+01 -3.496618e-17 -4.469453e-18 
 1.094000e+01 -3.607095e-17 -2.193093e-18 
 1.095000e+01 -3.673111e-17 -9.486689e-20 
 1.096000e+01 -3.697808e-17  1.824922e-18 
 1.097000e+01 -3.684640e-17  3.566012e-18 
 1.098000e+01 -3.637307e-17  5.128410e-18 
 1.099000e+01 -3.559685e-17  6.512635e-18 
 1.100000e+01 -3.455738e-17  7.719978e-18 
 1.101000e+01 -3.329437e-17  8.752732e-18 
 1.102000e+01 -3.184678e-17  9.614383e-18 
 1.103000e+01 -3.025209e-17  1.030975e-17 
 1.104000e+01 -2.854561e-17  1.084505e-17 
 1.105000e+01 -2.675994e-17  1.122790e-17 
 1.106000e+01 -2.492458e-17  1.146728e-17 
 1.107000e+01 -2.306565e-17  1.157334e-17 
 1.108000e+01 -2.120576e-17  1.155728e-17 
 1.109000e+01 -1.936403e-17  1.143109e-17 
 1.110000e+01 -1.755620e-17  1.120728e-17 
 1.111000e+01 -1.579485e-17  1.089862e-17 
 1.112000e+01 -1.408973e-17  1.051788e-17 
 1.113000e+01 -1.244810e-17  1.007753e-17 
 1.114000e+01 -1.087513e-17  9.589522e-18 
 1.115000e+01 -9.374298e-18  9.065072e-18 
 1.116000e+01 -7.947769e-18  8.514501e-18 
 1.117000e+01 -6.596760e-18  7.947109e-18 
 1.118000e+01 -5.321847e-18  7.371100e-18 
 1.119000e+01 -4.123217e-18  6.793550e-18 
 1.120000e+01 -3.000869e-18  6.220420e-18 
 1.121000e+01 -1.954745e-18  5.656610e-18 
 1.122000e+01 -9.848052e-19  5.106036e-18 
 1.123000e+01 -9.105323e-20  4.571733e-18 
 1.124000e+01  7.264891e-19  4.055980e-18 
 1.125000e+01  1.467839e-18  3.560424e-18 
 1.126000e+01  2.133135e-18  3.086208e-18 
 1.127000e+01  2.722733e-18  2.634093e-18 
 1.128000e+01  3.237302e-18  2.204571e-18 
 1.129000e+01  3.677919e-18  1.797952e-18 
 1.130000e+01  4.046142e-18  1.414448e-18 
 1.131000e+01  4.344065e-18  1.054223e-18 
 1.132000e+01  4.574347e-18  7.174320e-19 
 1.133000e+01  4.740215e-18  4.042364e-19 
 1.134000e+01  4.845438e-18  1.148064e-19 
 1.135000e+01  4.894273e-18 -1.506924e-19 
 1.136000e+01  4.891398e-18 -3.921223e-19 
 1.137000e+01  4.841811e-18 -6.094022e-19 
 1.138000e+01  4.750736e-18 -8.025412e-19 
 1.139000e+01  4.623502e-18 -9.716700e-19 
 1.140000e+01  4.465441e-18 -1.117070e-18 
 1.141000e+01  4.281771e-18 -1.239196e-18 
 1.142000e+01  4.077503e-18 -1.338693e-18 
 1.143000e+01  3.857355e-18 -1.416400e-18 
 1.144000e+01  3.625680e-18 -1.473350e-18 
 1.145000e+01  3.386415e-18 -1.510757e-18 
 1.146000e+01  3.143050e-18 -1.529999e-18 
 1.147000e+01  2.898612e-18 -1.532587e-18 
 1.148000e+01  2.655669e-18 -1.520137e-18 
 1.149000e+01  2.416347e-18 -1.494333e-18 
 1.150000e+01  2.182360e-18 -1.456889e-18 
 1.151000e+01  1.955057e-18 -1.409515e-18 
 1.152000e+01  1.735463e-18 -1.353877e-18 
 1.153000e+01  1.524332e-18 -1.291573e-18 
 1.154000e+01  1.322202e-18 -1.224098e-18 
 1.155000e+01  1.129441e-18 -1.152827e-18 
 1.156000e+01  9.462935e-19 -1.079002e-18 
 1.157000e+01  7.729208e-19 -1.003716e-18 
 1.158000e+01  6.094308e-19 -9.279167e-19 
 1.159000e+01  4.559038e-19 -8.524046e-19 
 1.160000e+01  3.124072e-19 -7.778420e-19 
 1.161000e+01  1.790050e-19 -7.047630e-19 
 1.162000e+01  5.575909e-20 -6.335885e-19 
 1.163000e+01 -5.727470e-20 -5.646412e-19 
 1.164000e+01 -1.600546e-19 -4.981625e-19 
 1.165000e+01 -2.525637e-19 -4.343291e-19 
 1.166000e+01 -3.348231e-19 -3.732686e-19 
 1.167000e+01 -4.069034e-19 -3.150733e-19 
 1.168000e+01 -4.689366e-19 -2.598122e-19 
 1.169000e+01 -5.211250e-19 -2.075403e-19 
 1.170000e+01 -5.637474e-19 -1.583052e-19 
 1.171000e+01 -5.971617e-19 -1.121518e-19 
 1.172000e+01 -6.218041e-19 -6.912335e-20 
 1.173000e+01 -6.381845e-19 -2.926200e-20 
 1.174000e+01 -6.468789e-19  7.393639e-21 
 1.175000e+01 -6.485186e-19  4.081150e-20 
 1.176000e+01 -6.437778e-19  7.097000e-20 
 1.177000e+01 -6.333588e-19  9.786223e-20 
 1.178000e+01 -6.179774e-19  1.215001e-19 
 1.179000e+01 -5.983478e-19  1.419176e-19 
 1.180000e+01 -5.751683e-19  1.591741e-19 
 1.181000e+01 -5.491083e-19  1.733554e-19 
 1.182000e+01 -5.207975e-19  1.845744e-19 
 1.183000e+01 -4.908166e-19  1.929707e-19 
 1.184000e+01 -4.596911e-19  1.987085e-19 
 1.185000e+01 -4.278872e-19  2.019736e-19 
 1.186000e+01 -3.958102e-19  2.029698e-19 
 1.187000e+01 -3.638050e-19  2.019145e-19 
 1.188000e+01 -3.321591e-19  1.990337e-19 
 1.189000e+01 -3.011065e-19  1.945573e-19 
 1.190000e+01 -2.708333e-19  1.887137e-19 
 1.191000e+01 -2.414844e-19  1.817258e-19 
 1.192000e+01 -2.131694e-19  1.738062e-19 
 1.193000e+01 -1.859700e-19  1.651544e-19 
 1.194000e+01 -1.599462e-19  1.559538e-19 
 1.195000e+01 -1.351416e-19  1.463696e-19 
 1.196000e+01 -1.115893e-19  1.365479e-19 
 1.197000e+01 -8.931458e-20  1.266155e-19 
 1.198000e+01 -6.833906e-20  1.166798e-19 
 1.199000e+01 -4.868176e-20  1.068305e-19 
 1.200000e+01 -3.036041e-20  9.714063e-20 
 1.201000e+01 -1.339141e-20  8.766838e-20 
 1.202000e+01  2.210753e-21  7.845944e-20 
 1.203000e+01  1.643466e-20  6.954903e-20 
 1.204000e+01  2.927340e-20  6.096401e-20 
 1.205000e+01  4.072619e-20  5.272492e-20 
 1.206000e+01  5.079997e-20  4.484773e-20 
 1.207000e+01  5.951074e-20  3.734530e-20 
 1.208000e+01  6.688467e-20  3.022858e-20 
 1.209000e+01  7.295874e-20  2.350735e-20 
 1.210000e+01  7.778099e-20  1.719080e-20 
 1.211000e+01  8.141019e-20  1.128763e-20 
 1.212000e+01  8.391517e-20  5.806003e-21 
 1.213000e+01  8.537364e-20  7.532711e-22 
 1.214000e+01  8.587065e-20 -3.864477e-21 
 1.215000e+01  8.549687e-20 -8.042925e-21 
 1.216000e+01  8.434662e-20 -1.178007e-20 
 1.217000e+01  8.251583e-20 -1.507675e-20 
 1.218000e+01  8.010007e-20 -1.793703e-20 
 1.219000e+01  7.719263e-20 -2.036858e-20 
 1.220000e+01  7.388286e-20 -2.238279e-20 
 1.221000e+01  7.025475e-20 -2.399483e-20 
 1.222000e+01  6.638571e-20 -2.522349e-20 
 1.223000e+01  6.234586e-20 -2.609089e-20 
 1.224000e+01  5.819746e-20 -2.662206e-20 
 1.225000e+01  5.399476e-20 -2.684442e-20 
 1.226000e+01  4.978416e-20 -2.678713e-20 
 1.227000e+01  4.560453e-20 -2.648051e-20 
 1.228000e+01  4.148781e-20 -2.595528e-20 
 1.229000e+01  3.745975e-20 -2.524196e-20 
 1.230000e+01  3.354075e-20 -2.437028e-20 
 1.231000e+01  2.974669e-20 -2.336858e-20 
 1.232000e+01  2.608983e-20 -2.226342e-20 
 1.233000e+01  2.257962e-20 -2.107920e-20 
 1.234000e+01  1.922343e-20 -1.983796e-20 
 1.235000e+01  1.602714e-20 -1.855918e-20 
 1.236000e+01  1.299568e-20 -1.725984e-20 
 1.237000e+01  1.013332e-20 -1.595438e-20 
 1.238000e+01  7.443968e-21 -1.465494e-20 
 1.239000e+01  4.931200e-21 -1.337149e-20 
 1.240000e+01  2.598288e-21 -1.211211e-20 
 1.241000e+01  4.480955e-22 -1.088325e-20 
 1.242000e+01 -1.517075e-21 -9.690006e-21 
 1.243000e+01 -3.295682e-21 -8.536425e-21 
 1.244000e+01 -4.887146e-21 -7.425719e-21 
 1.245000e+01 -6.292049e-21 -6.360509e-21 
 1.246000e+01 -7.512306e-21 -5.343004e-21 
 1.247000e+01 -8.551284e-21 -4.375145e-21 
 1.248000e+01 -9.413875e-21 -3.458698e-21 
 1.249000e+01 -1.010650e-20 -2.595313e-21 
 1.250000e+01 -1.063707e-20 -1.786536e-21 
 1.251000e+01 -1.101484e-20 -1.033797e-21 
 1.252000e+01 -1.125027e-20 -3.383673e-22 
 1.253000e+01 -1.135478e-20  2.987010e-22 
 1.254000e+01 -1.134056e-20  8.766413e-22 
 1.255000e+01 -1.122024e-20  1.395042e-21 
 1.256000e+01 -1.100667e-20  1.853911e-21 
 1.257000e+01 -1.071260e-20  2.253725e-21 
 1.258000e+01 -1.035049e-20  2.595472e-21 
 1.259000e+01 -9.932256e-21  2.880658e-21 
 1.260000e+01 -9.469085e-21  3.111312e-21 
 1.261000e+01 -8.971295e-21  3.289956e-21 
 1.262000e+01 -8.448236e-21  3.419564e-21 
 1.263000e+01 -7.908222e-21  3.503498e-21 
 1.264000e+01 -7.358520e-21  3.545437e-21 
 1.265000e+01 -6.805368e-21  3.549290e-21 
 1.266000e+01 -6.254027e-21  3.519109e-21 
 1.267000e+01 -5.708861e-21  3.458999e-21 
 1.268000e+01 -5.173430e-21  3.373033e-21 
 1.269000e+01 -4.650605e-21  3.265168e-21 
 1.270000e+01 -4.142674e-21  3.139177e-21 
 1.271000e+01 -3.651461e-21  2.998596e-21 
 1.272000e+01 -3.178422e-21  2.846672e-21 
 1.273000e+01 -2.724744e-21  2.686339e-21 
 1.274000e+01 -2.291419e-21  2.520199e-21 
 1.275000e+01 -1.879301e-21  2.350522e-21 
 1.276000e+01 -1.489155e-21  2.179254e-21 
 1.277000e+01 -1.121678e-21  2.008036e-21 
 1.278000e+01 -7.775106e-22  1.838232e-21 
 1.279000e+01 -4.572331e-22  1.670961e-21 
 1.280000e+01 -1.613510e-22  1.507134e-21 
 1.281000e+01  1.097255e-22  1.347487e-21 
 1.282000e+01  3.557079e-22  1.192620e-21 
 1.283000e+01  5.764551e-22  1.043026e-21 
 1.284000e+01  7.719987e-22  8.991205e-22 
 1.285000e+01  9.425631e-22  7.612648e-22 
 1.286000e+01  1.088579e-21  6.297817e-22 
 1.287000e+01  1.210692e-21  5.049682e-22 
 1.288000e+01  1.309758e-21  3.871007e-22 
 1.289000e+01  1.386835e-21  2.764370e-22 
 1.290000e+01  1.443168e-21  1.732127e-22 
 1.291000e+01  1.480159e-21  7.763587e-23 
 1.292000e+01  1.499343e-21 -1.012122e-23 
 1.293000e+01  1.502350e-21 -8.993085e-23 
 1.294000e+01  1.490871e-21 -1.617187e-22 
 1.295000e+01  1.466620e-21 -2.254719e-22 
 1.296000e+01  1.431303e-21 -2.812448e-22 
 1.297000e+01  1.386578e-21 -3.291635e-22 
 1.298000e+01  1.334032e-21 -3.694267e-22 
 1.299000e+01  1.275155e-21 -4.023047e-22 
 1.300000e+01  1.211322e-21 -4.281352e-22 
 1.301000e+01  1.143779e-21 -4.473166e-22 
 1.302000e+01  1.073635e-21 -4.602997e-22 
 1.303000e+01  1.001865e-21 -4.675767e-22 
 1.304000e+01  9.293065e-22 -4.696706e-22 
 1.305000e+01  8.566734e-22 -4.671224e-22 
 1.306000e+01  7.845610e-22 -4.604796e-22 
 1.307000e+01  7.134621e-22 -4.502844e-22 
 1.308000e+01  6.437800e-22 -4.370636e-22 
 1.309000e+01  5.758432e-22 -4.213189e-22 
 1.310000e+01  5.099203e-22 -4.035204e-22 
 1.311000e+01  4.462323e-22 -3.840999e-22 
 1.312000e+01  3.849649e-22 -3.634483e-22 
 1.313000e+01  3.262779e-22 -3.419128e-22 
 1.314000e+01  2.703120e-22 -3.197972e-22 
 1.315000e+01  2.171950e-22 -2.973634e-22 
 1.316000e+01  1.670434e-22 -2.748337e-22 
 1.317000e+01  1.199643e-22 -2.523948e-22 
 1.318000e+01  7.605419e-23 -2.302016e-22 
 1.319000e+01  3.539688e-23 -2.083823e-22 
 1.320000e+01 -1.939217e-24 -1.870429e-22 
 1.321000e+01 -3.590453e-23 -1.662715e-22 
 1.322000e+01 -6.647172e-23 -1.461427e-22 
 1.323000e+01 -9.363869e-23 -1.267207e-22 
 1.324000e+01 -1.174310e-22 -1.080626e-22 
 1.325000e+01 -1.379036e-22 -9.021998e-23 
 1.326000e+01 -1.551410e-22 -7.324063e-23 
 1.327000e+01 -1.692570e-22 -5.716896e-23 
 1.328000e+01 -1.803932e-22 -4.204611e-23 
 1.329000e+01 -1.887159e-22 -2.790950e-23 
 1.330000e+01 -1.944131e-22 -1.479198e-23 
 1.331000e+01 -1.976901e-22 -2.720770e-24 
 1.332000e+01 -1.987649e-22  8.283708e-24 
 1.333000e+01 -1.978633e-22  1.820893e-23 
 1.334000e+01 -1.952141e-22  2.705125e-23 
 1.335000e+01 -1.910443e-22  3.481664e-23 
 1.336000e+01 -1.855748e-22  4.152108e-23 
 1.337000e+01 -1.790168e-22  4.719066e-23 
 1.338000e+01 -1.715686e-22  5.186127e-23 
 1.339000e+01 -1.634130e-22  5.557798e-23 
 1.340000e+01 -1.547161e-22  5.839403e-23 
 1.341000e+01 -1.456262e-22  6.036969e-23 
 1.342000e+01 -1.362737e-22  6.157072e-23 
 1.343000e+01 -1.267714e-22  6.206690e-23 
 1.344000e+01 -1.172160e-22  6.193035e-23 
 1.345000e+01 -1.076887e-22  6.123397e-23 
 1.346000e+01 -9.825774e-23  6.004987e-23 
 1.347000e+01 -8.897974e-23  5.844806e-23 
 1.348000e+01 -7.990169e-23  5.649523e-23 
 1.349000e+01 -7.106280e-23  5.425380e-23 
 1.350000e+01 -6.249619e-23  5.178121e-23 
 1.351000e+01 -5.423031e-23  4.912946e-23 
 1.352000e+01 -4.629013e-23  4.634490e-23 
 1.353000e+01 -3.869805e-23  4.346823e-23 
 1.354000e+01 -3.147446e-23  4.053466e-23 
 1.355000e+01 -2.463811e-23  3.757435e-23 
 1.356000e+01 -1.820612e-23  3.461282e-23 
 1.357000e+01 -1.219389e-23  3.167153e-23 
 1.358000e+01 -6.614796e-24  2.876852e-23 
 1.359000e+01 -1.479771e-24  2.591893e-23 
 1.360000e+01  3.203094e-24  2.313565e-23 
 1.361000e+01  7.429001e-24  2.042979e-23 
 1.362000e+01  1.119681e-23  1.781111e-23 
 1.363000e+01  1.450934e-23  1.528841e-23 
 1.364000e+01  1.737350e-23  1.286971e-23 
 1.365000e+01  1.980035e-23  1.056247e-23 
 1.366000e+01  2.180496e-23  8.373607e-24 
 1.367000e+01  2.340619e-23  6.309511e-24 
 1.368000e+01  2.462625e-23  4.375964e-24 
 1.369000e+01  2.549025e-23  2.578025e-24 
 1.370000e+01  2.602561e-23  9.198863e-25 
 1.371000e+01  2.626141e-23 -5.952734e-25 
 1.372000e+01  2.622775e-23 -1.965432e-24 
 1.373000e+01  2.595511e-23 -3.189843e-24 
 1.374000e+01  2.547369e-23 -4.269116e-24 
 1.375000e+01  2.481287e-23 -5.205264e-24 
 1.376000e+01  2.400074e-23 -6.001693e-24 
 1.377000e+01  2.306363e-23 -6.663152e-24 
 1.378000e+01  2.202588e-23 -7.195637e-24 
 1.379000e+01  2.090962e-23 -7.606247e-24 
 1.380000e+01  1.973464e-23 -7.903014e-24 
 1.381000e+01  1.851841e-23 -8.094708e-24 
 1.382000e+01  1.727611e-23 -8.190620e-24 
 1.383000e+01  1.602084e-23 -8.200348e-24 
 1.384000e+01  1.476371e-23 -8.133582e-24 
 1.385000e+01  1.351415e-23 -7.999902e-24 
 1.386000e+01  1.228008e-23 -7.808601e-24 
 1.387000e+01  1.106821e-23 -7.568533e-24 
 1.388000e+01  9.884237e-24 -7.287982e-24 
 1.389000e+01  8.733054e-24 -6.974584e-24 
 1.390000e+01  7.618956e-24 -6.635257e-24 
 1.391000e+01  6.545764e-24 -6.276186e-24 
 1.392000e+01  5.516944e-24 -5.902820e-24 
 1.393000e+01  4.535668e-24 -5.519902e-24 
 1.394000e+01  3.604857e-24 -5.131519e-24 
 1.395000e+01  2.727175e-24 -4.741163e-24 
 1.396000e+01  1.905012e-24 -4.351805e-24 
 1.397000e+01  1.140440e-24 -3.965975e-24 
 1.398000e+01  4.351611e-25 -3.585834e-24 
 1.399000e+01 -2.095492e-25 -3.213252e-24 
 1.400000e+01 -7.928954e-25 -2.849867e-24 
 1.401000e+01 -1.314609e-24 -2.497142e-24 
 1.402000e+01 -1.774979e-24 -2.156405e-24 
 1.403000e+01 -2.174871e-24 -1.828881e-24 
 1.404000e+01 -2.515724e-24 -1.515707e-24 
 1.405000e+01 -2.799527e-24 -1.217940e-24 
 1.406000e+01 -3.028782e-24 -9.365496e-25 
 1.407000e+01 -3.206448e-24 -6.724128e-25 
 1.408000e+01 -3.335871e-24 -4.262941e-25 
 1.409000e+01 -3.420703e-24 -1.988274e-25 
 1.410000e+01 -3.464819e-24  9.502519e-27 
 1.411000e+01 -3.472225e-24  1.983787e-25 
 1.412000e+01 -3.446973e-24  3.676654e-25 
 1.413000e+01 -3.393076e-24  5.174184e-25 
 1.414000e+01 -3.314437e-24  6.478879e-25 
 1.415000e+01 -3.214785e-24  7.595165e-25 
 1.416000e+01 -3.097620e-24  8.529304e-25 
 1.417000e+01 -2.966177e-24  9.289245e-25 
 1.418000e+01 -2.823403e-24  9.884424e-25 
 1.419000e+01 -2.671940e-24  1.032553e-24 
 1.420000e+01 -2.514126e-24  1.062422e-24 
 1.421000e+01 -2.352010e-24  1.079284e-24 
 1.422000e+01 -2.187362e-24  1.084416e-24 
 1.423000e+01 -2.021703e-24  1.079102e-24 
 1.424000e+01 -1.856336e-24  1.064614e-24 
 1.425000e+01 -1.692370e-24  1.042184e-24 
 1.426000e+01 -1.530756e-24  1.012985e-24 
 1.427000e+01 -1.372317e-24  9.781186e-25 
 1.428000e+01 -1.217772e-24  9.385967e-25 
 1.429000e+01 -1.067760e-24  8.953405e-25 
 1.430000e+01 -9.228546e-25  8.491750e-25 
 1.431000e+01 -7.835833e-25  8.008300e-25 
 1.432000e+01 -6.504293e-25  7.509442e-25 
 1.433000e+01 -5.238374e-25  7.000718e-25 
 1.434000e+01 -4.042137e-25  6.486906e-25 
 1.435000e+01 -2.919213e-25  5.972115e-25 
 1.436000e+01 -1.872751e-25  5.459891e-25 
 1.437000e+01 -9.053430e-26  4.953305e-25 
 1.438000e+01 -1.895569e-27  4.455052e-25 
 1.439000e+01  7.851414e-26  3.967529e-25 
 1.440000e+01  1.506429e-25  3.492899e-25 
 1.441000e+01  2.145176e-25  3.033146e-25 
 1.442000e+01  2.702450e-25  2.590104e-25 
 1.443000e+01  3.180113e-25  2.165481e-25 
 1.444000e+01  3.580781e-25  1.760861e-25 
 1.445000e+01  3.907766e-25  1.377698e-25 
 1.446000e+01  4.164996e-25  1.017298e-25 
 1.447000e+01  4.356919e-25  6.808020e-26 
 1.448000e+01  4.488393e-25  3.691539e-26 
 1.449000e+01  4.564566e-25  8.308153e-27 
 1.450000e+01  4.590759e-25 -1.769279e-26 
 1.451000e+01  4.572353e-25 -4.106443e-26 
 1.452000e+01  4.514675e-25 -6.181052e-26 
 1.453000e+01  4.422901e-25 -7.996182e-26 
 1.454000e+01  4.301979e-25 -9.557550e-26 
 1.455000e+01  4.156556e-25 -1.087338e-25 
 1.456000e+01  3.990931e-25 -1.195417e-25 
 1.457000e+01  3.809024e-25 -1.281243e-25 
 1.458000e+01  3.614364e-25 -1.346234e-25 
 1.459000e+01  3.410084e-25 -1.391938e-25 
 1.460000e+01  3.198940e-25 -1.419994e-25 
 1.461000e+01  2.983333e-25 -1.432091e-25 
 1.462000e+01  2.765343e-25 -1.429935e-25 
 1.463000e+01  2.546766e-25 -1.415208e-25 
 1.464000e+01  2.329153e-25 -1.389544e-25 
 1.465000e+01  2.113853e-25 -1.354497e-25 
 1.466000e+01  1.902045e-25 -1.311525e-25 
 1.467000e+01  1.694776e-25 -1.261973e-25 
 1.468000e+01  1.492987e-25 -1.207066e-25 
 1.469000e+01  1.297532e-25 -1.147905e-25 
 1.470000e+01  1.109198e-25 -1.085466e-25 
 1.471000e+01  9.287099e-26 -1.020611e-25 
 1.472000e+01  7.567345e-26 -9.540905e-26 
 1.473000e+01  5.938805e-26 -8.865582e-26 
 1.474000e+01  4.406913e-26 -8.185824e-26 
 1.475000e+01  2.976379e-26 -7.506588e-26 
 1.476000e+01  1.651090e-26 -6.832226e-26 
 1.477000e+01  4.340233e-27 -6.166605e-26 
 1.478000e+01 -6.728459e-27 -5.513202e-26 
 1.479000e+01 -1.668605e-26 -4.875187e-26 
 1.480000e+01 -2.553444e-26 -4.255485e-26 
 1.481000e+01 -3.328667e-26 -3.656813e-26 
 1.482000e+01 -3.996667e-26 -3.081701e-26 
 1.483000e+01 -4.560869e-26 -2.532493e-26 
 1.484000e+01 -5.025644e-26 -2.011339e-26 
 1.485000e+01 -5.396193e-26 -1.520166e-26 
 1.486000e+01 -5.678414e-26 -1.060651e-26 
 1.487000e+01 -5.878749e-26 -6.341874e-27 
 1.488000e+01 -6.004031e-26 -2.418547e-27 
 1.489000e+01 -6.061315e-26  1.156104e-27 
 1.490000e+01 -6.057733e-26  4.378336e-27 
 1.491000e+01 -6.000344e-26  7.248132e-27 
 1.492000e+01 -5.896011e-26  9.769208e-27 
 1.493000e+01 -5.751289e-26  1.194890e-26 
 1.494000e+01 -5.572343e-26  1.379796e-26 
 1.495000e+01 -5.364883e-26  1.533022e-26 
 1.496000e+01 -5.134125e-26  1.656221e-26 
 1.497000e+01 -4.884778e-26  1.751271e-26 
 1.498000e+01 -4.621039e-26  1.820219e-26 
 1.499000e+01 -4.346620e-26  1.865236e-26 
 1.500000e+01 -4.064775e-26  1.888559e-26 
