X-Y Coordinates of Zones' Centroids
465 0.0
2.500000 72.5
7.500000 72.5
12.500000 72.5
17.500000 72.5
22.500000 72.5
27.500000 72.5
32.500000 72.5
37.500000 72.5
42.500000 72.5
47.500000 72.5
52.500000 72.5
57.500000 72.5
62.500000 72.5
67.500000 72.5
72.500000 72.5
77.500000 72.5
82.500000 72.5
87.500000 72.5
92.500000 72.5
97.500000 72.5
102.500000 72.5
107.500000 72.5
112.500000 72.5
117.500000 72.5
122.500000 72.5
127.500000 72.5
132.500000 72.5
137.500000 72.5
142.500000 72.5
147.500000 72.5
152.500000 72.5
2.500000 67.500000
7.500000 67.500000
12.500000 67.500000
17.500000 67.500000
22.500000 67.500000
27.500000 67.500000
32.500000 67.500000
37.500000 67.500000
42.500000 67.500000
47.500000 67.500000
52.500000 67.500000
57.500000 67.500000
62.500000 67.500000
67.500000 67.500000
72.500000 67.500000
77.500000 67.500000
82.500000 67.500000
87.500000 67.500000
92.500000 67.500000
97.500000 67.500000
102.500000 67.500000
107.500000 67.500000
112.500000 67.500000
117.500000 67.500000
122.500000 67.500000
127.500000 67.500000
132.500000 67.500000
137.500000 67.500000
142.500000 67.500000
147.500000 67.500000
152.500000 67.500000
2.500000 62.500000
7.500000 62.500000
12.500000 62.500000
17.500000 62.500000
22.500000 62.500000
27.500000 62.500000
32.500000 62.500000
37.500000 62.500000
42.500000 62.500000
47.500000 62.500000
52.500000 62.500000
57.500000 62.500000
62.500000 62.500000
67.500000 62.500000
72.500000 62.500000
77.500000 62.500000
82.500000 62.500000
87.500000 62.500000
92.500000 62.500000
97.500000 62.500000
102.500000 62.500000
107.500000 62.500000
112.500000 62.500000
117.500000 62.500000
122.500000 62.500000
127.500000 62.500000
132.500000 62.500000
137.500000 62.500000
142.500000 62.500000
147.500000 62.500000
152.500000 62.500000
2.500000 57.500000
7.500000 57.500000
12.500000 57.500000
17.500000 57.500000
22.500000 57.500000
27.500000 57.500000
32.500000 57.500000
37.500000 57.500000
42.500000 57.500000
47.500000 57.500000
52.500000 57.500000
57.500000 57.500000
62.500000 57.500000
67.500000 57.500000
72.500000 57.500000
77.500000 57.500000
82.500000 57.500000
87.500000 57.500000
92.500000 57.500000
97.500000 57.500000
102.500000 57.500000
107.500000 57.500000
112.500000 57.500000
117.500000 57.500000
122.500000 57.500000
127.500000 57.500000
132.500000 57.500000
137.500000 57.500000
142.500000 57.500000
147.500000 57.500000
152.500000 57.500000
2.500000 52.500000
7.500000 52.500000
12.500000 52.500000
17.500000 52.500000
22.500000 52.500000
27.500000 52.500000
32.500000 52.500000
37.500000 52.500000
42.500000 52.500000
47.500000 52.500000
52.500000 52.500000
57.500000 52.500000
62.500000 52.500000
67.500000 52.500000
72.500000 52.500000
77.500000 52.500000
82.500000 52.500000
87.500000 52.500000
92.500000 52.500000
97.500000 52.500000
102.500000 52.500000
107.500000 52.500000
112.500000 52.500000
117.500000 52.500000
122.500000 52.500000
127.500000 52.500000
132.500000 52.500000
137.500000 52.500000
142.500000 52.500000
147.500000 52.500000
152.500000 52.500000
2.500000 47.500000
7.500000 47.500000
12.500000 47.500000
17.500000 47.500000
22.500000 47.500000
27.500000 47.500000
32.500000 47.500000
37.500000 47.500000
42.500000 47.500000
47.500000 47.500000
52.500000 47.500000
57.500000 47.500000
62.500000 47.500000
67.500000 47.500000
72.500000 47.500000
77.500000 47.500000
82.500000 47.500000
87.500000 47.500000
92.500000 47.500000
97.500000 47.500000
102.500000 47.500000
107.500000 47.500000
112.500000 47.500000
117.500000 47.500000
122.500000 47.500000
127.500000 47.500000
132.500000 47.500000
137.500000 47.500000
142.500000 47.500000
147.500000 47.500000
152.500000 47.500000
2.500000 42.500000
7.500000 42.500000
12.500000 42.500000
17.500000 42.500000
22.500000 42.500000
27.500000 42.500000
32.500000 42.500000
37.500000 42.500000
42.500000 42.500000
47.500000 42.500000
52.500000 42.500000
57.500000 42.500000
62.500000 42.500000
67.500000 42.500000
72.500000 42.500000
77.500000 42.500000
82.500000 42.500000
87.500000 42.500000
92.500000 42.500000
97.500000 42.500000
102.500000 42.500000
107.500000 42.500000
112.500000 42.500000
117.500000 42.500000
122.500000 42.500000
127.500000 42.500000
132.500000 42.500000
137.500000 42.500000
142.500000 42.500000
147.500000 42.500000
152.500000 42.500000
2.500000 37.500000
7.500000 37.500000
12.500000 37.500000
17.500000 37.500000
22.500000 37.500000
27.500000 37.500000
32.500000 37.500000
37.500000 37.500000
42.500000 37.500000
47.500000 37.500000
52.500000 37.500000
57.500000 37.500000
62.500000 37.500000
67.500000 37.500000
72.500000 37.500000
77.500000 37.500000
82.500000 37.500000
87.500000 37.500000
92.500000 37.500000
97.500000 37.500000
102.500000 37.500000
107.500000 37.500000
112.500000 37.500000
117.500000 37.500000
122.500000 37.500000
127.500000 37.500000
132.500000 37.500000
137.500000 37.500000
142.500000 37.500000
147.500000 37.500000
152.500000 37.500000
2.500000 32.500000
7.500000 32.500000
12.500000 32.500000
17.500000 32.500000
22.500000 32.500000
27.500000 32.500000
32.500000 32.500000
37.500000 32.500000
42.500000 32.500000
47.500000 32.500000
52.500000 32.500000
57.500000 32.500000
62.500000 32.500000
67.500000 32.500000
72.500000 32.500000
77.500000 32.500000
82.500000 32.500000
87.500000 32.500000
92.500000 32.500000
97.500000 32.500000
102.500000 32.500000
107.500000 32.500000
112.500000 32.500000
117.500000 32.500000
122.500000 32.500000
127.500000 32.500000
132.500000 32.500000
137.500000 32.500000
142.500000 32.500000
147.500000 32.500000
152.500000 32.500000
2.500000 27.500000
7.500000 27.500000
12.500000 27.500000
17.500000 27.500000
22.500000 27.500000
27.500000 27.500000
32.500000 27.500000
37.500000 27.500000
42.500000 27.500000
47.500000 27.500000
52.500000 27.500000
57.500000 27.500000
62.500000 27.500000
67.500000 27.500000
72.500000 27.500000
77.500000 27.500000
82.500000 27.500000
87.500000 27.500000
92.500000 27.500000
97.500000 27.500000
102.500000 27.500000
107.500000 27.500000
112.500000 27.500000
117.500000 27.500000
122.500000 27.500000
127.500000 27.500000
132.500000 27.500000
137.500000 27.500000
142.500000 27.500000
147.500000 27.500000
152.500000 27.500000
2.500000 22.500000
7.500000 22.500000
12.500000 22.500000
17.500000 22.500000
22.500000 22.500000
27.500000 22.500000
32.500000 22.500000
37.500000 22.500000
42.500000 22.500000
47.500000 22.500000
52.500000 22.500000
57.500000 22.500000
62.500000 22.500000
67.500000 22.500000
72.500000 22.500000
77.500000 22.500000
82.500000 22.500000
87.500000 22.500000
92.500000 22.500000
97.500000 22.500000
102.500000 22.500000
107.500000 22.500000
112.500000 22.500000
117.500000 22.500000
122.500000 22.500000
127.500000 22.500000
132.500000 22.500000
137.500000 22.500000
142.500000 22.500000
147.500000 22.500000
152.500000 22.500000
2.500000 17.500000
7.500000 17.500000
12.500000 17.500000
17.500000 17.500000
22.500000 17.500000
27.500000 17.500000
32.500000 17.500000
37.500000 17.500000
42.500000 17.500000
47.500000 17.500000
52.500000 17.500000
57.500000 17.500000
62.500000 17.500000
67.500000 17.500000
72.500000 17.500000
77.500000 17.500000
82.500000 17.500000
87.500000 17.500000
92.500000 17.500000
97.500000 17.500000
102.500000 17.500000
107.500000 17.500000
112.500000 17.500000
117.500000 17.500000
122.500000 17.500000
127.500000 17.500000
132.500000 17.500000
137.500000 17.500000
142.500000 17.500000
147.500000 17.500000
152.500000 17.500000
2.500000 12.500000
7.500000 12.500000
12.500000 12.500000
17.500000 12.500000
22.500000 12.500000
27.500000 12.500000
32.500000 12.500000
37.500000 12.500000
42.500000 12.500000
47.500000 12.500000
52.500000 12.500000
57.500000 12.500000
62.500000 12.500000
67.500000 12.500000
72.500000 12.500000
77.500000 12.500000
82.500000 12.500000
87.500000 12.500000
92.500000 12.500000
97.500000 12.500000
102.500000 12.500000
107.500000 12.500000
112.500000 12.500000
117.500000 12.500000
122.500000 12.500000
127.500000 12.500000
132.500000 12.500000
137.500000 12.500000
142.500000 12.500000
147.500000 12.500000
152.500000 12.500000
2.500000 7.500000
7.500000 7.500000
12.500000 7.500000
17.500000 7.500000
22.500000 7.500000
27.500000 7.500000
32.500000 7.500000
37.500000 7.500000
42.500000 7.500000
47.500000 7.500000
52.500000 7.500000
57.500000 7.500000
62.500000 7.500000
67.500000 7.500000
72.500000 7.500000
77.500000 7.500000
82.500000 7.500000
87.500000 7.500000
92.500000 7.500000
97.500000 7.500000
102.500000 7.500000
107.500000 7.500000
112.500000 7.500000
117.500000 7.500000
122.500000 7.500000
127.500000 7.500000
132.500000 7.500000
137.500000 7.500000
142.500000 7.500000
147.500000 7.500000
152.500000 7.500000
2.500000 2.500000
7.500000 2.500000
12.500000 2.500000
17.500000 2.500000
22.500000 2.500000
27.500000 2.500000
32.500000 2.500000
37.500000 2.500000
42.500000 2.500000
47.500000 2.500000
52.500000 2.500000
57.500000 2.500000
62.500000 2.500000
67.500000 2.500000
72.500000 2.500000
77.500000 2.500000
82.500000 2.500000
87.500000 2.500000
92.500000 2.500000
97.500000 2.500000
102.500000 2.500000
107.500000 2.500000
112.500000 2.500000
117.500000 2.500000
122.500000 2.500000
127.500000 2.500000
132.500000 2.500000
137.500000 2.500000
142.500000 2.500000
147.500000 2.500000
152.500000 2.500000
