Vs and Density of the material
150 0.0
274.3744 2000.0000
274.3744 2000.0000
274.3744 2000.0000
274.3744 2000.0000
274.3744 2000.0000
274.3744 2000.0000
274.3744 2000.0000
274.3744 2000.0000
274.3744 2000.0000
274.3744 2000.0000
274.3744 2000.0000
274.3744 2000.0000
274.3744 2000.0000
274.3744 2000.0000
274.3744 2000.0000
274.3744 2000.0000
274.3744 2000.0000
274.3744 2000.0000
274.3744 2000.0000
274.3744 2000.0000
274.3744 2000.0000
274.3744 2000.0000
274.3744 2000.0000
274.3744 2000.0000
274.3744 2000.0000
274.3744 2000.0000
274.3744 2000.0000
274.3744 2000.0000
274.3744 2000.0000
274.3744 2000.0000
274.3744 2000.0000
274.3744 2000.0000
274.3744 2000.0000
274.3744 2000.0000
274.3744 2000.0000
274.3744 2000.0000
274.3744 2000.0000
274.3744 2000.0000
274.3744 2000.0000
274.3744 2000.0000
274.3744 2000.0000
274.3744 2000.0000
274.3744 2000.0000
274.3744 2000.0000
274.3744 2000.0000
274.3744 2000.0000
274.3744 2000.0000
274.3744 2000.0000
274.3744 2000.0000
274.3744 2000.0000
274.3744 2000.0000
274.3744 2000.0000
274.3744 2000.0000
274.3744 2000.0000
274.3744 2000.0000
274.3744 2000.0000
274.3744 2000.0000
274.3744 2000.0000
274.3744 2000.0000
274.3744 2000.0000
274.3744 2000.0000
274.3744 2000.0000
274.3744 2000.0000
274.3744 2000.0000
274.3744 2000.0000
1279.2593 2000.0000
1279.2593 2000.0000
1279.2593 2000.0000
1279.2593 2000.0000
1279.2593 2000.0000
1279.2593 2000.0000
1279.2593 2000.0000
1279.2593 2000.0000
1279.2593 2000.0000
1279.2593 2000.0000
1279.2593 2000.0000
1279.2593 2000.0000
1279.2593 2000.0000
1279.2593 2000.0000
1279.2593 2000.0000
1279.2593 2000.0000
1279.2593 2000.0000
1279.2593 2000.0000
1279.2593 2000.0000
1279.2593 2000.0000
1279.2593 2000.0000
1279.2593 2000.0000
1279.2593 2000.0000
1279.2593 2000.0000
1279.2593 2000.0000
1279.2593 2000.0000
1279.2593 2000.0000
1279.2593 2000.0000
1279.2593 2000.0000
1279.2593 2000.0000
1279.2593 2000.0000
1279.2593 2000.0000
1279.2593 2000.0000
1279.2593 2000.0000
1279.2593 2000.0000
1279.2593 2000.0000
1279.2593 2000.0000
1279.2593 2000.0000
1279.2593 2000.0000
1279.2593 2000.0000
1279.2593 2000.0000
1279.2593 2000.0000
1279.2593 2000.0000
1279.2593 2000.0000
1279.2593 2000.0000
1279.2593 2000.0000
1279.2593 2000.0000
1279.2593 2000.0000
1279.2593 2000.0000
1279.2593 2000.0000
1279.2593 2000.0000
1279.2593 2000.0000
1279.2593 2000.0000
1279.2593 2000.0000
1279.2593 2000.0000
1279.2593 2000.0000
1279.2593 2000.0000
1279.2593 2000.0000
1279.2593 2000.0000
1279.2593 2000.0000
1279.2593 2000.0000
1279.2593 2000.0000
1279.2593 2000.0000
1279.2593 2000.0000
1279.2593 2000.0000
1279.2593 2000.0000
1279.2593 2000.0000
1279.2593 2000.0000
1279.2593 2000.0000
1279.2593 2000.0000
1279.2593 2000.0000
1279.2593 2000.0000
1279.2593 2000.0000
1279.2593 2000.0000
1279.2593 2000.0000
1279.2593 2000.0000
1279.2593 2000.0000
1279.2593 2000.0000
1279.2593 2000.0000
1279.2593 2000.0000
1279.2593 2000.0000
1279.2593 2000.0000
1279.2593 2000.0000
1279.2593 2000.0000
1279.2593 2000.0000
